0.00041664 	3.69456623 
0.00155547 	3.69132014 
0.00269403 	3.68807493 
0.00383229 	3.68483059 
0.00497027 	3.68158713 
0.00610797 	3.67834454 
0.00724538 	3.67510283 
0.00838251 	3.67186200 
0.00951935 	3.66862205 
0.01065591 	3.66538298 
0.01179218 	3.66214478 
0.01292816 	3.65890746 
0.01406386 	3.65567102 
0.01519928 	3.65243546 
0.01633441 	3.64920078 
0.09284966 	3.43131527 
0.09396492 	3.42814172 
0.09507990 	3.42496906 
0.09619458 	3.42179730 
0.09730898 	3.41862643 
0.09842308 	3.41545645 
0.09953690 	3.41228737 
0.10065042 	3.40911917 
0.10176365 	3.40595188 
0.10287660 	3.40278548 
0.10398925 	3.39961998 
0.10510161 	3.39645536 
0.10621368 	3.39329164 
0.10732546 	3.39012884 
0.10843695 	3.38696691 
0.10954815 	3.38380588 
0.11065905 	3.38064575 
0.11176967 	3.37748651 
0.11287999 	3.37432817 
0.11399002 	3.37117072 
0.11509977 	3.36801417 
0.11620922 	3.36485852 
0.11731837 	3.36170377 
0.11842724 	3.35854992 
0.11953581 	3.35539697 
0.12064410 	3.35224490 
0.12175209 	3.34909374 
0.12285979 	3.34594347 
0.12396720 	3.34279411 
0.12507432 	3.33964564 
0.12618114 	3.33649807 
0.12728767 	3.33335140 
0.12839391 	3.33020563 
0.12949986 	3.32706076 
0.13060551 	3.32391679 
0.13171088 	3.32077371 
0.13281595 	3.31763154 
0.13392073 	3.31449027 
0.13502521 	3.31134990 
0.13612941 	3.30821042 
0.13723331 	3.30507185 
0.13833691 	3.30193419 
0.13944023 	3.29879741 
0.14054325 	3.29566155 
0.14164598 	3.29252658 
0.14274842 	3.28939252 
0.14385056 	3.28625935 
0.14495241 	3.28312710 
0.14605396 	3.27999574 
0.14715523 	3.27686529 
0.14825620 	3.27373573 
0.14935688 	3.27060708 
0.15045726 	3.26747934 
0.15155735 	3.26435250 
0.15265714 	3.26122656 
0.15375665 	3.25810152 
0.15485586 	3.25497738 
0.15595477 	3.25185416 
0.23322289 	3.03242822 
0.23430048 	3.02937061 
0.23537778 	3.02631391 
0.23645478 	3.02325814 
0.23753148 	3.02020328 
0.23860788 	3.01714935 
0.23968398 	3.01409633 
0.24075978 	3.01104423 
0.24183529 	3.00799305 
0.24291050 	3.00494279 
0.24398540 	3.00189345 
0.24506001 	2.99884504 
0.24613432 	2.99579754 
0.24720833 	2.99275096 
0.24828204 	2.98970530 
0.24935545 	2.98666057 
0.25042857 	2.98361675 
0.25150138 	2.98057386 
0.25257389 	2.97753189 
0.25364611 	2.97449084 
0.25471802 	2.97145071 
0.25578963 	2.96841150 
0.25686095 	2.96537322 
0.25793197 	2.96233586 
0.25900268 	2.95929942 
0.26007310 	2.95626391 
0.26114321 	2.95322931 
0.26221303 	2.95019565 
0.26328254 	2.94716290 
0.26435176 	2.94413108 
0.26542067 	2.94110018 
0.26648929 	2.93807021 
0.26755760 	2.93504116 
0.26862562 	2.93201304 
0.26969333 	2.92898583 
0.27076075 	2.92595956 
0.27182786 	2.92293421 
0.27289467 	2.91990978 
0.27396118 	2.91688628 
0.27502739 	2.91386371 
0.27609330 	2.91084206 
0.27715891 	2.90782134 
0.27822422 	2.90480155 
0.27928923 	2.90178268 
0.28035393 	2.89876473 
0.28141834 	2.89574772 
0.28248244 	2.89273163 
0.28354624 	2.88971647 
0.28460975 	2.88670223 
0.28567294 	2.88368893 
0.28673584 	2.88067655 
0.28779844 	2.87766510 
0.28886073 	2.87465457 
0.28992273 	2.87164498 
0.29098442 	2.86863631 
0.29204581 	2.86562858 
0.29310690 	2.86262177 
0.29416768 	2.85961589 
0.37389943 	2.63390209 
0.37493679 	2.63096833 
0.37597383 	2.62803551 
0.37701058 	2.62510362 
0.37804701 	2.62217270 
0.37908314 	2.61924271 
0.38011897 	2.61631365 
0.38115448 	2.61338555 
0.38218969 	2.61045839 
0.38322459 	2.60753217 
0.38425918 	2.60460691 
0.38529347 	2.60168259 
0.38632745 	2.59875922 
0.38736112 	2.59583679 
0.38839448 	2.59291531 
0.38942754 	2.58999476 
0.39046029 	2.58707518 
0.39149274 	2.58415653 
0.39252487 	2.58123884 
0.39355669 	2.57832209 
0.39458821 	2.57540628 
0.39561942 	2.57249143 
0.39665033 	2.56957752 
0.39768092 	2.56666456 
0.39871121 	2.56375255 
0.39974119 	2.56084148 
0.40077086 	2.55793136 
0.40180022 	2.55502219 
0.40282928 	2.55211397 
0.40385802 	2.54920672 
0.40488646 	2.54630039 
0.40591459 	2.54339502 
0.40694241 	2.54049060 
0.40796992 	2.53758713 
0.40899713 	2.53468460 
0.41002402 	2.53178303 
0.41105061 	2.52888240 
0.41207689 	2.52598273 
0.41310285 	2.52308402 
0.41412851 	2.52018624 
0.41515387 	2.51728942 
0.41617891 	2.51439355 
0.41720364 	2.51149864 
0.41822806 	2.50860467 
0.41925218 	2.50571166 
0.42027598 	2.50281959 
0.42129948 	2.49992849 
0.42232266 	2.49703833 
0.42334554 	2.49414912 
0.42436811 	2.49126087 
0.42539037 	2.48837356 
0.42641231 	2.48548722 
0.42743396 	2.48260181 
0.42845528 	2.47971737 
0.42947630 	2.47683389 
0.43049701 	2.47395136 
0.43151741 	2.47106977 
0.43253750 	2.46818914 
0.43355727 	2.46530949 
0.51412981 	2.23804355 
0.51512428 	2.23524178 
0.51611844 	2.23244097 
0.51711228 	2.22964113 
0.51810580 	2.22684226 
0.51909901 	2.22404436 
0.52009190 	2.22124744 
0.52108448 	2.21845148 
0.52207675 	2.21565649 
0.52306869 	2.21286247 
0.52406033 	2.21006942 
0.52505165 	2.20727734 
0.52604265 	2.20448624 
0.52703334 	2.20169610 
0.52802371 	2.19890694 
0.52901376 	2.19611875 
0.53000350 	2.19333152 
0.53099293 	2.19054528 
0.53198204 	2.18776000 
0.53297083 	2.18497569 
0.53395931 	2.18219236 
0.53494747 	2.17941000 
0.53593531 	2.17662861 
0.53692284 	2.17384819 
0.53791005 	2.17106875 
0.53889695 	2.16829027 
0.53988353 	2.16551279 
0.54086980 	2.16273625 
0.54185573 	2.15996073 
0.54284137 	2.15718615 
0.54382668 	2.15441254 
0.54481168 	2.15163992 
0.54579636 	2.14886827 
0.54678073 	2.14609759 
0.54776477 	2.14332789 
0.54874851 	2.14055914 
0.54973192 	2.13779140 
0.55071502 	2.13502462 
0.55169780 	2.13225883 
0.55268027 	2.12949398 
0.55366241 	2.12673015 
0.55464424 	2.12396726 
0.55562575 	2.12120537 
0.55660695 	2.11844445 
0.55758783 	2.11568449 
0.55856839 	2.11292552 
0.55954862 	2.11016755 
0.56052856 	2.10741052 
0.56150816 	2.10465449 
0.56248745 	2.10189943 
0.56346643 	2.09914534 
0.56444508 	2.09639223 
0.56542342 	2.09364011 
0.56640144 	2.09088895 
0.56737914 	2.08813880 
0.56835651 	2.08538963 
0.56933359 	2.08264137 
0.57031034 	2.07989415 
0.57128676 	2.07714790 
0.57226287 	2.07440263 
0.65596032 	1.83933140 
0.65690822 	1.83667296 
0.65785579 	1.83401552 
0.65880304 	1.83135908 
0.65974996 	1.82870362 
0.66069657 	1.82604917 
0.66164284 	1.82339571 
0.66258880 	1.82074324 
0.66353443 	1.81809178 
0.66447974 	1.81544130 
0.66542472 	1.81279182 
0.66636938 	1.81014334 
0.66731372 	1.80749585 
0.66825774 	1.80484936 
0.66920142 	1.80220387 
0.67014479 	1.79955938 
0.67108783 	1.79691588 
0.67203055 	1.79427337 
0.67297295 	1.79163187 
0.67391502 	1.78899136 
0.67485676 	1.78635185 
0.67579818 	1.78371334 
0.67673928 	1.78107582 
0.67768005 	1.77843930 
0.67862050 	1.77580379 
0.67956063 	1.77316926 
0.68050043 	1.77053574 
0.68143990 	1.76790322 
0.68237905 	1.76527170 
0.68331788 	1.76264117 
0.68425638 	1.76001164 
0.68519456 	1.75738312 
0.68613241 	1.75475559 
0.68706994 	1.75212906 
0.68800714 	1.74950353 
0.68894402 	1.74687901 
0.68988057 	1.74425548 
0.69081680 	1.74163295 
0.69175270 	1.73901143 
0.69268828 	1.73639090 
0.69362353 	1.73377137 
0.69455846 	1.73115285 
0.69549306 	1.72853533 
0.69642734 	1.72591881 
0.69736129 	1.72330329 
0.69829492 	1.72068877 
0.69922821 	1.71807525 
0.70016119 	1.71546274 
0.70109384 	1.71285122 
0.70202616 	1.71024072 
0.70295816 	1.70763120 
0.70388983 	1.70502270 
0.70482118 	1.70241520 
0.70575219 	1.69980870 
0.70668289 	1.69720321 
0.70761326 	1.69459871 
0.70854330 	1.69199523 
0.70947301 	1.68939274 
0.71040240 	1.68679126 
0.71133147 	1.68419078 
0.71226020 	1.68159131 
0.79719917 	1.44425240 
0.79809700 	1.44174806 
0.79899449 	1.43924473 
0.79989166 	1.43674242 
0.80078850 	1.43424113 
0.80168500 	1.43174086 
0.80258117 	1.42924162 
0.80347701 	1.42674339 
0.80437252 	1.42424618 
0.80526770 	1.42175000 
0.80616254 	1.41925483 
0.80705705 	1.41676069 
0.80795124 	1.41426757 
0.80884509 	1.41177546 
0.80973860 	1.40928438 
0.81063179 	1.40679433 
0.81152464 	1.40430529 
0.81241716 	1.40181728 
0.81330935 	1.39933029 
0.81420121 	1.39684432 
0.81509274 	1.39435937 
0.81598393 	1.39187545 
0.81687479 	1.38939254 
0.81776532 	1.38691067 
0.81865551 	1.38442981 
0.81954538 	1.38194998 
0.82043491 	1.37947117 
0.82132411 	1.37699339 
0.82221297 	1.37451662 
0.82310150 	1.37204089 
0.82398970 	1.36956617 
0.82487757 	1.36709249 
0.82576511 	1.36461982 
0.82665231 	1.36214818 
0.82753917 	1.35967757 
0.82842571 	1.35720798 
0.82931191 	1.35473941 
0.83019778 	1.35227187 
0.83108332 	1.34980536 
0.83196852 	1.34733987 
0.83285339 	1.34487541 
0.83373793 	1.34241197 
0.83462213 	1.33994956 
0.83550600 	1.33748817 
0.83638954 	1.33502781 
0.83727274 	1.33256848 
0.83815561 	1.33011018 
0.83903814 	1.32765290 
0.83992034 	1.32519664 
0.84080221 	1.32274142 
0.84168375 	1.32028722 
0.84256495 	1.31783405 
0.84344581 	1.31538191 
0.84432635 	1.31293079 
0.84520654 	1.31048070 
0.84608641 	1.30803165 
0.84696594 	1.30558361 
0.84784514 	1.30313661 
0.84872400 	1.30069064 
0.84960253 	1.29824569 
0.85048072 	1.29580178 
0.85135858 	1.29335889 
0.93913486 	1.04961758 
0.93997802 	1.04728148 
0.94082084 	1.04494645 
0.94166331 	1.04261246 
0.94250545 	1.04027953 
0.94334725 	1.03794761 
0.94418870 	1.03561677 
0.94502983 	1.03328694 
0.94587061 	1.03095816 
0.94671104 	1.02863047 
0.94755115 	1.02630377 
0.94839090 	1.02397816 
0.94923032 	1.02165359 
0.95006940 	1.01933004 
0.95090814 	1.01700756 
0.95174653 	1.01468613 
0.95258460 	1.01236572 
0.95342231 	1.01004639 
0.95425969 	1.00772809 
0.95509673 	1.00541083 
0.95593342 	1.00309464 
0.95676978 	1.00077948 
0.95760580 	0.99846536 
0.95844147 	0.99615231 
0.95927681 	0.99384029 
0.96011180 	0.99152933 
0.96094646 	0.98921940 
0.96178077 	0.98691055 
0.96261475 	0.98460272 
0.96344838 	0.98229596 
0.96428166 	0.97999025 
0.96511462 	0.97768555 
0.96594723 	0.97538192 
0.96677950 	0.97307935 
0.96761142 	0.97077784 
0.96844301 	0.96847735 
0.96927426 	0.96617793 
0.97010515 	0.96387959 
0.97093573 	0.96158221 
0.97176594 	0.95928597 
0.97259582 	0.95699075 
0.97342537 	0.95469656 
0.97425456 	0.95240344 
0.97508341 	0.95011139 
0.97591194 	0.94782035 
0.97674011 	0.94553038 
0.97756794 	0.94324146 
0.97839543 	0.94095359 
0.97922257 	0.93866680 
0.98004938 	0.93638103 
0.98087584 	0.93409633 
0.98170197 	0.93181265 
0.98252775 	0.92953006 
0.98335318 	0.92724850 
0.98417829 	0.92496799 
0.98500304 	0.92268855 
0.98582744 	0.92041017 
0.98665152 	0.91813281 
0.98747524 	0.91585654 
0.98829864 	0.91358127 
0.98912168 	0.91130710 
0.98994438 	0.90903397 
