0.00000000 	1.00000000 
0.08090222 	0.94122110 
0.16180444 	0.88244219 
0.24270666 	0.82366329 
0.32360889 	0.76488438 
0.40451111 	0.70610548 
0.48541333 	0.64732657 
0.56631555 	0.58854767 
0.64721777 	0.52976876 
0.72811999 	0.47098986 
0.80902222 	0.41221095 
0.88992444 	0.35343205 
0.97082666 	0.29465314 
1.05172888 	0.23587424 
1.13263110 	0.17709534 
1.21353332 	0.11831643 
1.29443555 	0.05953753 
1.37533777 	0.00075862 
1.45623999 	-0.05802028 
1.53714221 	-0.11679919 
1.61804443 	-0.17557809 
1.69894665 	-0.23435700 
1.77984887 	-0.29313590 
1.86075110 	-0.35191481 
1.93800000 	-0.39212068 
1.93900000 	-0.39247980 
1.94000000 	-0.39283883 
1.94100000 	-0.39319776 
1.94200000 	-0.39355660 
1.94300000 	-0.39391535 
1.94400000 	-0.39427400 
1.94500000 	-0.39463257 
1.94600000 	-0.39499104 
1.94700000 	-0.39534942 
1.94800000 	-0.39570771 
1.94900000 	-0.39606590 
1.95000000 	-0.39642400 
1.95100000 	-0.39678202 
1.95200000 	-0.39713994 
1.95300000 	-0.39749776 
1.95400000 	-0.39785550 
1.95500000 	-0.39821315 
1.95600000 	-0.39857070 
1.95700000 	-0.39892816 
1.95800000 	-0.39928553 
1.95900000 	-0.39964281 
1.96000000 	-0.40000000 
1.96100000 	-0.40035710 
1.96200000 	-0.40071410 
1.96300000 	-0.40107102 
1.96400000 	-0.40142784 
1.96500000 	-0.40178458 
1.96600000 	-0.40214122 
2.03300000 	-0.42583309 
2.03400000 	-0.42618372 
2.03500000 	-0.42653426 
2.03600000 	-0.42688472 
2.03700000 	-0.42723509 
2.03800000 	-0.42758537 
2.03900000 	-0.42793557 
2.04000000 	-0.42828569 
2.04100000 	-0.42863571 
2.04200000 	-0.42898565 
2.04300000 	-0.42933551 
2.04400000 	-0.42968528 
2.04500000 	-0.43003496 
2.04600000 	-0.43038456 
2.04700000 	-0.43073408 
2.04800000 	-0.43108351 
2.04900000 	-0.43143285 
2.05000000 	-0.43178211 
2.05100000 	-0.43213128 
2.05200000 	-0.43248037 
2.05300000 	-0.43282937 
2.05400000 	-0.43317829 
2.05500000 	-0.43352712 
2.05600000 	-0.43387587 
2.05700000 	-0.43422453 
2.05800000 	-0.43457311 
2.05900000 	-0.43492160 
2.06000000 	-0.43527001 
2.06100000 	-0.43561833 
2.06200000 	-0.43596657 
2.06300000 	-0.43631473 
2.06400000 	-0.43666280 
2.06500000 	-0.43701079 
2.06600000 	-0.43735869 
2.06700000 	-0.43770651 
2.06800000 	-0.43805424 
2.13000000 	-0.45945195 
2.13100000 	-0.45979451 
2.13200000 	-0.46013698 
2.13300000 	-0.46047937 
2.13400000 	-0.46082169 
2.13500000 	-0.46116392 
2.13600000 	-0.46150607 
2.13700000 	-0.46184815 
2.13800000 	-0.46219014 
2.13900000 	-0.46253205 
2.14000000 	-0.46287388 
2.14100000 	-0.46321564 
2.14200000 	-0.46355731 
2.14300000 	-0.46389890 
2.14400000 	-0.46424042 
2.14500000 	-0.46458185 
2.14600000 	-0.46492321 
2.14700000 	-0.46526448 
2.14800000 	-0.46560568 
2.14900000 	-0.46594679 
2.15000000 	-0.46628783 
2.15100000 	-0.46662879 
2.15200000 	-0.46696967 
2.15300000 	-0.46731046 
2.15400000 	-0.46765118 
2.15500000 	-0.46799183 
2.15600000 	-0.46833239 
2.15700000 	-0.46867287 
2.15800000 	-0.46901327 
2.15900000 	-0.46935360 
2.16000000 	-0.46969385 
2.16100000 	-0.47003401 
2.16200000 	-0.47037410 
2.16300000 	-0.47071411 
2.16400000 	-0.47105404 
2.16500000 	-0.47139390 
2.16600000 	-0.47173367 
2.16700000 	-0.47207337 
2.16800000 	-0.47241299 
2.22800000 	-0.49264865 
2.22900000 	-0.49298359 
2.23000000 	-0.49331845 
2.23100000 	-0.49365324 
2.23200000 	-0.49398795 
2.23300000 	-0.49432259 
2.23400000 	-0.49465715 
2.23500000 	-0.49499164 
2.23600000 	-0.49532605 
2.23700000 	-0.49566039 
2.23800000 	-0.49599465 
2.23900000 	-0.49632884 
2.24000000 	-0.49666295 
2.24100000 	-0.49699699 
2.24200000 	-0.49733096 
2.24300000 	-0.49766485 
2.24400000 	-0.49799866 
2.24500000 	-0.49833241 
2.24600000 	-0.49866607 
2.24700000 	-0.49899967 
2.24800000 	-0.49933319 
2.24900000 	-0.49966663 
2.25000000 	-0.50000000 
2.25100000 	-0.50033330 
2.25200000 	-0.50066652 
2.25300000 	-0.50099967 
2.25400000 	-0.50133274 
2.25500000 	-0.50166574 
2.25600000 	-0.50199867 
2.25700000 	-0.50233152 
2.25800000 	-0.50266430 
2.25900000 	-0.50299701 
2.26000000 	-0.50332964 
2.26100000 	-0.50366220 
2.26200000 	-0.50399468 
2.26300000 	-0.50432709 
2.26400000 	-0.50465943 
2.26500000 	-0.50499169 
2.26600000 	-0.50532389 
2.26700000 	-0.50565600 
2.26800000 	-0.50598805 
2.26900000 	-0.50632002 
2.32600000 	-0.52512295 
2.32700000 	-0.52545075 
2.32800000 	-0.52577849 
2.32900000 	-0.52610616 
2.33000000 	-0.52643375 
2.33100000 	-0.52676128 
2.33200000 	-0.52708873 
2.33300000 	-0.52741612 
2.33400000 	-0.52774343 
2.33500000 	-0.52807068 
2.33600000 	-0.52839785 
2.33700000 	-0.52872496 
2.33800000 	-0.52905199 
2.33900000 	-0.52937896 
2.34000000 	-0.52970585 
2.34100000 	-0.53003268 
2.34200000 	-0.53035943 
2.34300000 	-0.53068612 
2.34400000 	-0.53101274 
2.34500000 	-0.53133928 
2.34600000 	-0.53166576 
2.34700000 	-0.53199217 
2.34800000 	-0.53231850 
2.34900000 	-0.53264477 
2.35000000 	-0.53297097 
2.35100000 	-0.53329710 
2.35200000 	-0.53362316 
2.35300000 	-0.53394915 
2.35400000 	-0.53427507 
2.35500000 	-0.53460093 
2.35600000 	-0.53492671 
2.35700000 	-0.53525242 
2.35800000 	-0.53557807 
2.35900000 	-0.53590364 
2.36000000 	-0.53622915 
2.36100000 	-0.53655459 
2.36200000 	-0.53687996 
2.36300000 	-0.53720526 
2.36400000 	-0.53753049 
2.36500000 	-0.53785565 
2.36600000 	-0.53818074 
2.36700000 	-0.53850577 
2.36800000 	-0.53883072 
2.36900000 	-0.53915561 
2.37000000 	-0.53948043 
2.42500000 	-0.55724115 
2.42600000 	-0.55756220 
2.42700000 	-0.55788318 
2.42800000 	-0.55820409 
2.42900000 	-0.55852494 
2.43000000 	-0.55884573 
2.43100000 	-0.55916644 
2.43200000 	-0.55948710 
2.43300000 	-0.55980768 
2.43400000 	-0.56012820 
2.43500000 	-0.56044865 
2.43600000 	-0.56076904 
2.43700000 	-0.56108936 
2.43800000 	-0.56140962 
2.43900000 	-0.56172981 
2.44000000 	-0.56204994 
2.44100000 	-0.56236999 
2.44200000 	-0.56268999 
2.44300000 	-0.56300992 
2.44400000 	-0.56332978 
2.44500000 	-0.56364958 
2.44600000 	-0.56396931 
2.44700000 	-0.56428898 
2.44800000 	-0.56460858 
2.44900000 	-0.56492811 
2.45000000 	-0.56524758 
2.45100000 	-0.56556699 
2.45200000 	-0.56588633 
2.45300000 	-0.56620561 
2.45400000 	-0.56652482 
2.45500000 	-0.56684396 
2.45600000 	-0.56716304 
2.45700000 	-0.56748206 
2.45800000 	-0.56780101 
2.45900000 	-0.56811989 
2.46000000 	-0.56843871 
2.46100000 	-0.56875747 
2.46200000 	-0.56907616 
2.46300000 	-0.56939479 
2.46400000 	-0.56971335 
2.46500000 	-0.57003185 
2.46600000 	-0.57035028 
2.46700000 	-0.57066865 
2.46800000 	-0.57098695 
2.46900000 	-0.57130519 
2.47000000 	-0.57162336 
2.47100000 	-0.57194147 
2.52500000 	-0.58902486 
2.52600000 	-0.58933949 
2.52700000 	-0.58965405 
2.52800000 	-0.58996855 
2.52900000 	-0.59028299 
2.53000000 	-0.59059737 
2.53100000 	-0.59091169 
2.53200000 	-0.59122594 
2.53300000 	-0.59154013 
2.53400000 	-0.59185426 
2.53500000 	-0.59216833 
2.53600000 	-0.59248234 
2.53700000 	-0.59279628 
2.53800000 	-0.59311017 
2.53900000 	-0.59342399 
2.54000000 	-0.59373775 
2.54100000 	-0.59405144 
2.54200000 	-0.59436508 
2.54300000 	-0.59467865 
2.54400000 	-0.59499216 
2.54500000 	-0.59530561 
2.54600000 	-0.59561900 
2.54700000 	-0.59593233 
2.54800000 	-0.59624560 
2.54900000 	-0.59655880 
2.55000000 	-0.59687194 
2.55100000 	-0.59718502 
2.55200000 	-0.59749804 
2.55300000 	-0.59781100 
2.55400000 	-0.59812390 
2.55500000 	-0.59843674 
2.55600000 	-0.59874951 
2.55700000 	-0.59906223 
2.55800000 	-0.59937488 
2.55900000 	-0.59968747 
2.56000000 	-0.60000000 
2.56100000 	-0.60031247 
2.56200000 	-0.60062488 
2.56300000 	-0.60093723 
2.56400000 	-0.60124951 
2.56500000 	-0.60156174 
2.56600000 	-0.60187390 
2.56700000 	-0.60218601 
2.56800000 	-0.60249805 
2.56900000 	-0.60281003 
2.57000000 	-0.60312195 
2.57100000 	-0.60343382 
2.57200000 	-0.60374562 
2.62500000 	-0.62018517 
2.62600000 	-0.62049375 
2.62700000 	-0.62080227 
2.62800000 	-0.62111073 
2.62900000 	-0.62141913 
2.63000000 	-0.62172747 
2.63100000 	-0.62203576 
2.63200000 	-0.62234398 
2.63300000 	-0.62265215 
2.63400000 	-0.62296026 
2.63500000 	-0.62326831 
2.63600000 	-0.62357630 
2.63700000 	-0.62388423 
2.63800000 	-0.62419211 
2.63900000 	-0.62449992 
2.64000000 	-0.62480768 
2.64100000 	-0.62511538 
2.64200000 	-0.62542302 
2.64300000 	-0.62573060 
2.64400000 	-0.62603813 
2.64500000 	-0.62634560 
2.64600000 	-0.62665301 
2.64700000 	-0.62696036 
2.64800000 	-0.62726765 
2.64900000 	-0.62757488 
2.65000000 	-0.62788206 
2.65100000 	-0.62818918 
2.65200000 	-0.62849624 
2.65300000 	-0.62880324 
2.65400000 	-0.62911019 
2.65500000 	-0.62941707 
2.65600000 	-0.62972390 
2.65700000 	-0.63003067 
2.65800000 	-0.63033739 
2.65900000 	-0.63064404 
2.66000000 	-0.63095064 
2.66100000 	-0.63125718 
2.66200000 	-0.63156367 
2.66300000 	-0.63187009 
2.66400000 	-0.63217646 
2.66500000 	-0.63248277 
2.66600000 	-0.63278902 
2.66700000 	-0.63309522 
2.66800000 	-0.63340136 
2.66900000 	-0.63370744 
2.67000000 	-0.63401346 
2.67100000 	-0.63431943 
2.67200000 	-0.63462534 
2.67300000 	-0.63493119 
2.67400000 	-0.63523699 
2.72500000 	-0.65075740 
2.72600000 	-0.65106027 
2.72700000 	-0.65136307 
2.72800000 	-0.65166583 
2.72900000 	-0.65196852 
2.73000000 	-0.65227116 
2.73100000 	-0.65257375 
2.73200000 	-0.65287628 
2.73300000 	-0.65317876 
2.73400000 	-0.65348118 
2.73500000 	-0.65378354 
2.73600000 	-0.65408585 
2.73700000 	-0.65438810 
2.73800000 	-0.65469030 
2.73900000 	-0.65499245 
2.74000000 	-0.65529454 
2.74100000 	-0.65559657 
2.74200000 	-0.65589855 
2.74300000 	-0.65620047 
2.74400000 	-0.65650234 
2.74500000 	-0.65680415 
2.74600000 	-0.65710591 
2.74700000 	-0.65740761 
2.74800000 	-0.65770926 
2.74900000 	-0.65801086 
2.75000000 	-0.65831240 
2.75100000 	-0.65861388 
2.75200000 	-0.65891531 
2.75300000 	-0.65921668 
2.75400000 	-0.65951800 
2.75500000 	-0.65981927 
2.75600000 	-0.66012048 
2.75700000 	-0.66042163 
2.75800000 	-0.66072273 
2.75900000 	-0.66102378 
2.76000000 	-0.66132477 
2.76100000 	-0.66162571 
2.76200000 	-0.66192659 
2.76300000 	-0.66222742 
2.76400000 	-0.66252820 
2.76500000 	-0.66282891 
2.76600000 	-0.66312958 
2.76700000 	-0.66343019 
2.76800000 	-0.66373075 
2.76900000 	-0.66403125 
2.77000000 	-0.66433170 
2.77100000 	-0.66463209 
2.77200000 	-0.66493243 
2.77300000 	-0.66523272 
2.77400000 	-0.66553295 
2.77500000 	-0.66583312 
2.77600000 	-0.66613325 
2.82600000 	-0.68107109 
2.82700000 	-0.68136849 
2.82800000 	-0.68166584 
2.82900000 	-0.68196314 
2.83000000 	-0.68226038 
2.83100000 	-0.68255758 
2.83200000 	-0.68285472 
2.83300000 	-0.68315181 
2.83400000 	-0.68344884 
2.83500000 	-0.68374582 
2.83600000 	-0.68404275 
2.83700000 	-0.68433963 
2.83800000 	-0.68463646 
2.83900000 	-0.68493323 
2.84000000 	-0.68522995 
2.84100000 	-0.68552662 
2.84200000 	-0.68582324 
2.84300000 	-0.68611981 
2.84400000 	-0.68641632 
2.84500000 	-0.68671278 
2.84600000 	-0.68700919 
2.84700000 	-0.68730554 
2.84800000 	-0.68760185 
2.84900000 	-0.68789810 
2.85000000 	-0.68819430 
2.85100000 	-0.68849045 
2.85200000 	-0.68878655 
2.85300000 	-0.68908259 
2.85400000 	-0.68937858 
2.85500000 	-0.68967452 
2.85600000 	-0.68997041 
2.85700000 	-0.69026625 
2.85800000 	-0.69056204 
2.85900000 	-0.69085777 
2.86000000 	-0.69115345 
2.86100000 	-0.69144908 
2.86200000 	-0.69174466 
2.86300000 	-0.69204019 
2.86400000 	-0.69233566 
2.86500000 	-0.69263109 
2.86600000 	-0.69292646 
2.86700000 	-0.69322178 
2.86800000 	-0.69351705 
2.86900000 	-0.69381227 
2.87000000 	-0.69410743 
2.87100000 	-0.69440255 
2.87200000 	-0.69469761 
2.87300000 	-0.69499263 
2.87400000 	-0.69528759 
2.87500000 	-0.69558250 
2.87600000 	-0.69587735 
2.87700000 	-0.69617216 
2.87800000 	-0.69646692 
2.92700000 	-0.71084774 
2.92800000 	-0.71113997 
2.92900000 	-0.71143215 
2.93000000 	-0.71172428 
2.93100000 	-0.71201636 
2.93200000 	-0.71230838 
2.93300000 	-0.71260036 
2.93400000 	-0.71289229 
2.93500000 	-0.71318417 
2.93600000 	-0.71347600 
2.93700000 	-0.71376778 
2.93800000 	-0.71405951 
2.93900000 	-0.71435119 
2.94000000 	-0.71464282 
2.94100000 	-0.71493440 
2.94200000 	-0.71522593 
2.94300000 	-0.71551741 
2.94400000 	-0.71580885 
2.94500000 	-0.71610023 
2.94600000 	-0.71639156 
2.94700000 	-0.71668285 
2.94800000 	-0.71697408 
2.94900000 	-0.71726527 
2.95000000 	-0.71755640 
2.95100000 	-0.71784749 
2.95200000 	-0.71813853 
2.95300000 	-0.71842952 
2.95400000 	-0.71872045 
2.95500000 	-0.71901134 
2.95600000 	-0.71930218 
2.95700000 	-0.71959298 
2.95800000 	-0.71988372 
2.95900000 	-0.72017441 
2.96000000 	-0.72046505 
2.96100000 	-0.72075565 
2.96200000 	-0.72104619 
2.96300000 	-0.72133669 
2.96400000 	-0.72162714 
2.96500000 	-0.72191754 
2.96600000 	-0.72220789 
2.96700000 	-0.72249819 
2.96800000 	-0.72278844 
2.96900000 	-0.72307864 
2.97000000 	-0.72336879 
2.97100000 	-0.72365890 
2.97200000 	-0.72394896 
2.97300000 	-0.72423896 
2.97400000 	-0.72452892 
2.97500000 	-0.72481883 
2.97600000 	-0.72510869 
2.97700000 	-0.72539850 
2.97800000 	-0.72568827 
2.97900000 	-0.72597798 
2.98000000 	-0.72626765 
2.98100000 	-0.72655727 
3.02900000 	-0.74040225 
3.03000000 	-0.74068952 
3.03100000 	-0.74097674 
3.03200000 	-0.74126391 
3.03300000 	-0.74155103 
3.03400000 	-0.74183811 
3.03500000 	-0.74212514 
3.03600000 	-0.74241212 
3.03700000 	-0.74269906 
3.03800000 	-0.74298594 
3.03900000 	-0.74327278 
3.04000000 	-0.74355958 
3.04100000 	-0.74384632 
3.04200000 	-0.74413302 
3.04300000 	-0.74441967 
3.04400000 	-0.74470628 
3.04500000 	-0.74499284 
3.04600000 	-0.74527935 
3.04700000 	-0.74556581 
3.04800000 	-0.74585223 
3.04900000 	-0.74613860 
3.05000000 	-0.74642492 
3.05100000 	-0.74671120 
3.05200000 	-0.74699742 
3.05300000 	-0.74728361 
3.05400000 	-0.74756974 
3.05500000 	-0.74785583 
3.05600000 	-0.74814187 
3.05700000 	-0.74842787 
3.05800000 	-0.74871381 
3.05900000 	-0.74899971 
3.06000000 	-0.74928557 
3.06100000 	-0.74957138 
3.06200000 	-0.74985714 
3.06300000 	-0.75014285 
3.06400000 	-0.75042852 
3.06500000 	-0.75071414 
3.06600000 	-0.75099971 
3.06700000 	-0.75128524 
3.06800000 	-0.75157072 
3.06900000 	-0.75185616 
3.07000000 	-0.75214155 
3.07100000 	-0.75242689 
3.07200000 	-0.75271218 
3.07300000 	-0.75299743 
3.07400000 	-0.75328264 
3.07500000 	-0.75356779 
3.07600000 	-0.75385290 
3.07700000 	-0.75413796 
3.07800000 	-0.75442298 
3.07900000 	-0.75470795 
3.08000000 	-0.75499288 
3.08100000 	-0.75527776 
3.08200000 	-0.75556259 
3.08300000 	-0.75584737 
3.08400000 	-0.75613211 
3.13100000 	-0.76946320 
3.13200000 	-0.76974574 
3.13300000 	-0.77002825 
3.13400000 	-0.77031071 
3.13500000 	-0.77059312 
3.13600000 	-0.77087549 
3.13700000 	-0.77115781 
3.13800000 	-0.77144009 
3.13900000 	-0.77172233 
3.14000000 	-0.77200451 
3.14100000 	-0.77228666 
3.14200000 	-0.77256876 
3.14300000 	-0.77285081 
3.14400000 	-0.77313282 
3.14500000 	-0.77341479 
3.14600000 	-0.77369670 
3.14700000 	-0.77397858 
3.14800000 	-0.77426041 
3.14900000 	-0.77454219 
3.15000000 	-0.77482393 
3.15100000 	-0.77510563 
3.15200000 	-0.77538728 
3.15300000 	-0.77566889 
3.15400000 	-0.77595045 
3.15500000 	-0.77623197 
3.15600000 	-0.77651344 
3.15700000 	-0.77679487 
3.15800000 	-0.77707625 
3.15900000 	-0.77735759 
3.16000000 	-0.77763888 
3.16100000 	-0.77792013 
3.16200000 	-0.77820134 
3.16300000 	-0.77848250 
3.16400000 	-0.77876362 
3.16500000 	-0.77904469 
3.16600000 	-0.77932571 
3.16700000 	-0.77960670 
3.16800000 	-0.77988764 
3.16900000 	-0.78016853 
3.17000000 	-0.78044938 
3.17100000 	-0.78073019 
3.17200000 	-0.78101095 
3.17300000 	-0.78129167 
3.17400000 	-0.78157234 
3.17500000 	-0.78185297 
3.17600000 	-0.78213355 
3.17700000 	-0.78241409 
3.17800000 	-0.78269459 
3.17900000 	-0.78297504 
3.18000000 	-0.78325545 
3.18100000 	-0.78353581 
3.18200000 	-0.78381613 
3.18300000 	-0.78409641 
3.18400000 	-0.78437664 
3.18500000 	-0.78465683 
3.18600000 	-0.78493697 
3.18700000 	-0.78521707 
3.23300000 	-0.79805450 
3.23400000 	-0.79833256 
3.23500000 	-0.79861057 
3.23600000 	-0.79888855 
3.23700000 	-0.79916647 
3.23800000 	-0.79944436 
3.23900000 	-0.79972220 
3.24000000 	-0.80000000 
3.24100000 	-0.80027776 
3.24200000 	-0.80055547 
3.24300000 	-0.80083314 
3.24400000 	-0.80111077 
3.24500000 	-0.80138835 
3.24600000 	-0.80166590 
3.24700000 	-0.80194340 
3.24800000 	-0.80222085 
3.24900000 	-0.80249827 
3.25000000 	-0.80277564 
3.25100000 	-0.80305297 
3.25200000 	-0.80333025 
3.25300000 	-0.80360750 
3.25400000 	-0.80388470 
3.25500000 	-0.80416186 
3.25600000 	-0.80443897 
3.25700000 	-0.80471604 
3.25800000 	-0.80499307 
3.25900000 	-0.80527006 
3.26000000 	-0.80554701 
3.26100000 	-0.80582391 
3.26200000 	-0.80610077 
3.26300000 	-0.80637759 
3.26400000 	-0.80665437 
3.26500000 	-0.80693110 
3.26600000 	-0.80720779 
3.26700000 	-0.80748444 
3.26800000 	-0.80776105 
3.26900000 	-0.80803761 
3.27000000 	-0.80831413 
3.27100000 	-0.80859061 
3.27200000 	-0.80886705 
3.27300000 	-0.80914344 
3.27400000 	-0.80941980 
3.27500000 	-0.80969611 
3.27600000 	-0.80997238 
3.27700000 	-0.81024860 
3.27800000 	-0.81052479 
3.27900000 	-0.81080093 
3.28000000 	-0.81107703 
3.28100000 	-0.81135309 
3.28200000 	-0.81162910 
3.28300000 	-0.81190507 
3.28400000 	-0.81218101 
3.28500000 	-0.81245690 
3.28600000 	-0.81273274 
3.28700000 	-0.81300855 
3.28800000 	-0.81328431 
3.28900000 	-0.81356003 
3.29000000 	-0.81383571 
3.33500000 	-0.82619824 
3.33600000 	-0.82647201 
3.33700000 	-0.82674574 
3.33800000 	-0.82701943 
3.33900000 	-0.82729308 
3.34000000 	-0.82756669 
3.34100000 	-0.82784026 
3.34200000 	-0.82811378 
3.34300000 	-0.82838727 
3.34400000 	-0.82866071 
3.34500000 	-0.82893412 
3.34600000 	-0.82920748 
3.34700000 	-0.82948080 
3.34800000 	-0.82975408 
3.34900000 	-0.83002732 
3.35000000 	-0.83030052 
3.35100000 	-0.83057368 
3.35200000 	-0.83084680 
3.35300000 	-0.83111988 
3.35400000 	-0.83139291 
3.35500000 	-0.83166591 
3.35600000 	-0.83193886 
3.35700000 	-0.83221178 
3.35800000 	-0.83248465 
3.35900000 	-0.83275749 
3.36000000 	-0.83303028 
3.36100000 	-0.83330303 
3.36200000 	-0.83357574 
3.36300000 	-0.83384841 
3.36400000 	-0.83412104 
3.36500000 	-0.83439363 
3.36600000 	-0.83466618 
3.36700000 	-0.83493869 
3.36800000 	-0.83521116 
3.36900000 	-0.83548359 
3.37000000 	-0.83575598 
3.37100000 	-0.83602832 
3.37200000 	-0.83630063 
3.37300000 	-0.83657290 
3.37400000 	-0.83684512 
3.37500000 	-0.83711731 
3.37600000 	-0.83738945 
3.37700000 	-0.83766156 
3.37800000 	-0.83793362 
3.37900000 	-0.83820565 
3.38000000 	-0.83847763 
3.38100000 	-0.83874958 
3.38200000 	-0.83902148 
3.38300000 	-0.83929334 
3.38400000 	-0.83956517 
3.38500000 	-0.83983695 
3.38600000 	-0.84010869 
3.38700000 	-0.84038040 
3.38800000 	-0.84065206 
3.38900000 	-0.84092368 
3.39000000 	-0.84119526 
3.39100000 	-0.84146681 
3.39200000 	-0.84173831 
3.39300000 	-0.84200977 
3.39400000 	-0.84228119 
3.43800000 	-0.85418446 
3.43900000 	-0.85445410 
3.44000000 	-0.85472370 
3.44100000 	-0.85499326 
3.44200000 	-0.85526278 
3.44300000 	-0.85553227 
3.44400000 	-0.85580171 
3.44500000 	-0.85607112 
3.44600000 	-0.85634049 
3.44700000 	-0.85660981 
3.44800000 	-0.85687910 
3.44900000 	-0.85714835 
3.45000000 	-0.85741756 
3.45100000 	-0.85768673 
3.45200000 	-0.85795587 
3.45300000 	-0.85822496 
3.45400000 	-0.85849401 
3.45500000 	-0.85876303 
3.45600000 	-0.85903201 
3.45700000 	-0.85930094 
3.45800000 	-0.85956984 
3.45900000 	-0.85983870 
3.46000000 	-0.86010752 
3.46100000 	-0.86037631 
3.46200000 	-0.86064505 
3.46300000 	-0.86091375 
3.46400000 	-0.86118242 
3.46500000 	-0.86145105 
3.46600000 	-0.86171964 
3.46700000 	-0.86198818 
3.46800000 	-0.86225670 
3.46900000 	-0.86252517 
3.47000000 	-0.86279360 
3.47100000 	-0.86306200 
3.47200000 	-0.86333035 
3.47300000 	-0.86359867 
3.47400000 	-0.86386695 
3.47500000 	-0.86413519 
3.47600000 	-0.86440339 
3.47700000 	-0.86467155 
3.47800000 	-0.86493968 
3.47900000 	-0.86520776 
3.48000000 	-0.86547581 
3.48100000 	-0.86574382 
3.48200000 	-0.86601179 
3.48300000 	-0.86627972 
3.48400000 	-0.86654762 
3.48500000 	-0.86681547 
3.48600000 	-0.86708329 
3.48700000 	-0.86735107 
3.48800000 	-0.86761880 
3.48900000 	-0.86788651 
3.49000000 	-0.86815417 
3.49100000 	-0.86842179 
3.49200000 	-0.86868938 
3.49300000 	-0.86895693 
3.49400000 	-0.86922444 
3.49500000 	-0.86949191 
3.49600000 	-0.86975934 
3.49700000 	-0.87002674 
3.49800000 	-0.87029409 
3.54100000 	-0.88175450 
3.54200000 	-0.88202019 
3.54300000 	-0.88228584 
3.54400000 	-0.88255146 
3.54500000 	-0.88281704 
3.54600000 	-0.88308258 
3.54700000 	-0.88334808 
3.54800000 	-0.88361355 
3.54900000 	-0.88387898 
3.55000000 	-0.88414437 
3.55100000 	-0.88440972 
3.55200000 	-0.88467504 
3.55300000 	-0.88494032 
3.55400000 	-0.88520556 
3.55500000 	-0.88547076 
3.55600000 	-0.88573593 
3.55700000 	-0.88600106 
3.55800000 	-0.88626615 
3.55900000 	-0.88653121 
3.56000000 	-0.88679623 
3.56100000 	-0.88706121 
3.56200000 	-0.88732615 
3.56300000 	-0.88759106 
3.56400000 	-0.88785593 
3.56500000 	-0.88812076 
3.56600000 	-0.88838555 
3.56700000 	-0.88865031 
3.56800000 	-0.88891503 
3.56900000 	-0.88917972 
3.57000000 	-0.88944436 
3.57100000 	-0.88970897 
3.57200000 	-0.88997354 
3.57300000 	-0.89023808 
3.57400000 	-0.89050258 
3.57500000 	-0.89076704 
3.57600000 	-0.89103146 
3.57700000 	-0.89129585 
3.57800000 	-0.89156020 
3.57900000 	-0.89182452 
3.58000000 	-0.89208879 
3.58100000 	-0.89235303 
3.58200000 	-0.89261724 
3.58300000 	-0.89288140 
3.58400000 	-0.89314553 
3.58500000 	-0.89340962 
3.58600000 	-0.89367368 
3.58700000 	-0.89393770 
3.58800000 	-0.89420168 
3.58900000 	-0.89446562 
3.59000000 	-0.89472953 
3.59100000 	-0.89499340 
3.59200000 	-0.89525724 
3.59300000 	-0.89552104 
3.59400000 	-0.89578480 
3.59500000 	-0.89604852 
3.59600000 	-0.89631221 
3.59700000 	-0.89657586 
3.59800000 	-0.89683948 
3.59900000 	-0.89710305 
3.60000000 	-0.89736660 
3.60100000 	-0.89763010 
3.60200000 	-0.89789357 
3.64400000 	-0.90892640 
3.64500000 	-0.90918831 
3.64600000 	-0.90945018 
3.64700000 	-0.90971202 
3.64800000 	-0.90997382 
3.64900000 	-0.91023559 
3.65000000 	-0.91049732 
3.65100000 	-0.91075901 
3.65200000 	-0.91102067 
3.65300000 	-0.91128229 
3.65400000 	-0.91154388 
3.65500000 	-0.91180543 
3.65600000 	-0.91206694 
3.65700000 	-0.91232842 
3.65800000 	-0.91258987 
3.65900000 	-0.91285127 
3.66000000 	-0.91311265 
3.66100000 	-0.91337398 
3.66200000 	-0.91363528 
3.66300000 	-0.91389655 
3.66400000 	-0.91415778 
3.66500000 	-0.91441897 
3.66600000 	-0.91468013 
3.66700000 	-0.91494125 
3.66800000 	-0.91520234 
3.66900000 	-0.91546339 
3.67000000 	-0.91572441 
3.67100000 	-0.91598539 
3.67200000 	-0.91624633 
3.67300000 	-0.91650724 
3.67400000 	-0.91676811 
3.67500000 	-0.91702895 
3.67600000 	-0.91728975 
3.67700000 	-0.91755052 
3.67800000 	-0.91781125 
3.67900000 	-0.91807195 
3.68000000 	-0.91833261 
3.68100000 	-0.91859323 
3.68200000 	-0.91885382 
3.68300000 	-0.91911438 
3.68400000 	-0.91937490 
3.68500000 	-0.91963538 
3.68600000 	-0.91989583 
3.68700000 	-0.92015624 
3.68800000 	-0.92041662 
3.68900000 	-0.92067696 
3.69000000 	-0.92093727 
3.69100000 	-0.92119754 
3.69200000 	-0.92145778 
3.69300000 	-0.92171798 
3.69400000 	-0.92197815 
3.69500000 	-0.92223828 
3.69600000 	-0.92249837 
3.69700000 	-0.92275844 
3.69800000 	-0.92301846 
3.69900000 	-0.92327845 
3.70000000 	-0.92353841 
3.70100000 	-0.92379833 
3.70200000 	-0.92405821 
3.70300000 	-0.92431806 
3.70400000 	-0.92457788 
3.70500000 	-0.92483766 
3.70600000 	-0.92509740 
3.70700000 	-0.92535711 
3.74700000 	-0.93571692 
3.74800000 	-0.93597521 
3.74900000 	-0.93623346 
3.75000000 	-0.93649167 
3.75100000 	-0.93674985 
3.75200000 	-0.93700800 
3.75300000 	-0.93726611 
3.75400000 	-0.93752419 
3.75500000 	-0.93778224 
3.75600000 	-0.93804025 
3.75700000 	-0.93829822 
3.75800000 	-0.93855616 
3.75900000 	-0.93881407 
3.76000000 	-0.93907194 
3.76100000 	-0.93932978 
3.76200000 	-0.93958759 
3.76300000 	-0.93984535 
3.76400000 	-0.94010309 
3.76500000 	-0.94036079 
3.76600000 	-0.94061846 
3.76700000 	-0.94087609 
3.76800000 	-0.94113369 
3.76900000 	-0.94139125 
3.77000000 	-0.94164878 
3.77100000 	-0.94190628 
3.77200000 	-0.94216374 
3.77300000 	-0.94242117 
3.77400000 	-0.94267856 
3.77500000 	-0.94293592 
3.77600000 	-0.94319325 
3.77700000 	-0.94345054 
3.77800000 	-0.94370780 
3.77900000 	-0.94396502 
3.78000000 	-0.94422221 
3.78100000 	-0.94447936 
3.78200000 	-0.94473649 
3.78300000 	-0.94499357 
3.78400000 	-0.94525063 
3.78500000 	-0.94550765 
3.78600000 	-0.94576463 
3.78700000 	-0.94602158 
3.78800000 	-0.94627850 
3.78900000 	-0.94653538 
3.79000000 	-0.94679223 
3.79100000 	-0.94704905 
3.79200000 	-0.94730583 
3.79300000 	-0.94756258 
3.79400000 	-0.94781929 
3.79500000 	-0.94807597 
3.79600000 	-0.94833262 
3.79700000 	-0.94858923 
3.79800000 	-0.94884581 
3.79900000 	-0.94910236 
3.80000000 	-0.94935887 
3.80100000 	-0.94961535 
3.80200000 	-0.94987179 
3.80300000 	-0.95012820 
3.80400000 	-0.95038458 
3.80500000 	-0.95064092 
3.80600000 	-0.95089723 
3.80700000 	-0.95115350 
3.80800000 	-0.95140975 
3.80900000 	-0.95166596 
3.81000000 	-0.95192213 
3.81100000 	-0.95217827 
3.85100000 	-0.96239649 
3.85200000 	-0.96265127 
3.85300000 	-0.96290601 
3.85400000 	-0.96316072 
3.85500000 	-0.96341539 
3.85600000 	-0.96367003 
3.85700000 	-0.96392464 
3.85800000 	-0.96417922 
3.85900000 	-0.96443376 
3.86000000 	-0.96468827 
3.86100000 	-0.96494275 
3.86200000 	-0.96519719 
3.86300000 	-0.96545160 
3.86400000 	-0.96570598 
3.86500000 	-0.96596033 
3.86600000 	-0.96621464 
3.86700000 	-0.96646892 
3.86800000 	-0.96672316 
3.86900000 	-0.96697738 
3.87000000 	-0.96723156 
3.87100000 	-0.96748571 
3.87200000 	-0.96773982 
3.87300000 	-0.96799390 
3.87400000 	-0.96824795 
3.87500000 	-0.96850197 
3.87600000 	-0.96875595 
3.87700000 	-0.96900990 
3.87800000 	-0.96926382 
3.87900000 	-0.96951771 
3.88000000 	-0.96977156 
3.88100000 	-0.97002538 
3.88200000 	-0.97027917 
3.88300000 	-0.97053292 
3.88400000 	-0.97078664 
3.88500000 	-0.97104033 
3.88600000 	-0.97129399 
3.88700000 	-0.97154762 
3.88800000 	-0.97180121 
3.88900000 	-0.97205477 
3.89000000 	-0.97230829 
3.89100000 	-0.97256179 
3.89200000 	-0.97281525 
3.89300000 	-0.97306868 
3.89400000 	-0.97332207 
3.89500000 	-0.97357544 
3.89600000 	-0.97382877 
3.89700000 	-0.97408207 
3.89800000 	-0.97433533 
3.89900000 	-0.97458856 
3.90000000 	-0.97484177 
3.90100000 	-0.97509493 
3.90200000 	-0.97534807 
3.90300000 	-0.97560117 
3.90400000 	-0.97585425 
3.90500000 	-0.97610728 
3.90600000 	-0.97636029 
3.90700000 	-0.97661327 
3.90800000 	-0.97686621 
3.90900000 	-0.97711912 
3.91000000 	-0.97737199 
3.91100000 	-0.97762484 
3.91200000 	-0.97787765 
3.91300000 	-0.97813043 
3.91400000 	-0.97838318 
3.91500000 	-0.97863589 
3.91600000 	-0.97888858 
3.95500000 	-0.98871818 
3.95600000 	-0.98896958 
3.95700000 	-0.98922095 
3.95800000 	-0.98947229 
3.95900000 	-0.98972360 
3.96000000 	-0.98997487 
3.96100000 	-0.99022612 
3.96200000 	-0.99047733 
3.96300000 	-0.99072851 
3.96400000 	-0.99097966 
3.96500000 	-0.99123078 
3.96600000 	-0.99148186 
3.96700000 	-0.99173291 
3.96800000 	-0.99198394 
3.96900000 	-0.99223493 
3.97000000 	-0.99248588 
3.97100000 	-0.99273681 
3.97200000 	-0.99298771 
3.97300000 	-0.99323857 
3.97400000 	-0.99348940 
3.97500000 	-0.99374020 
3.97600000 	-0.99399097 
3.97700000 	-0.99424171 
3.97800000 	-0.99449242 
3.97900000 	-0.99474309 
3.98000000 	-0.99499373 
3.98100000 	-0.99524435 
3.98200000 	-0.99549493 
3.98300000 	-0.99574547 
3.98400000 	-0.99599599 
3.98500000 	-0.99624648 
3.98600000 	-0.99649693 
3.98700000 	-0.99674736 
3.98800000 	-0.99699775 
3.98900000 	-0.99724811 
3.99000000 	-0.99749844 
3.99100000 	-0.99774873 
3.99200000 	-0.99799900 
3.99300000 	-0.99824923 
3.99400000 	-0.99849944 
3.99500000 	-0.99874961 
3.99600000 	-0.99899975 
3.99700000 	-0.99924986 
3.99800000 	-0.99949994 
3.99900000 	-0.99974998 
4.00000000 	-1.00000000 
4.00100000 	-1.00024998 
4.00200000 	-1.00049994 
4.00300000 	-1.00074986 
4.00400000 	-1.00099975 
4.00500000 	-1.00124961 
4.00600000 	-1.00149944 
4.00700000 	-1.00174924 
4.00800000 	-1.00199900 
4.00900000 	-1.00224874 
4.01000000 	-1.00249844 
4.01100000 	-1.00274811 
4.01200000 	-1.00299775 
4.01300000 	-1.00324736 
4.01400000 	-1.00349694 
4.01500000 	-1.00374649 
4.01600000 	-1.00399601 
4.01700000 	-1.00424549 
4.01800000 	-1.00449495 
4.01900000 	-1.00474437 
4.02000000 	-1.00499377 
4.02100000 	-1.00524313 
4.05900000 	-1.01469601 
4.06000000 	-1.01494417 
4.06100000 	-1.01519230 
4.06200000 	-1.01544040 
4.06300000 	-1.01568847 
4.06400000 	-1.01593651 
4.06500000 	-1.01618452 
4.06600000 	-1.01643249 
4.06700000 	-1.01668044 
4.06800000 	-1.01692836 
4.06900000 	-1.01717624 
4.07000000 	-1.01742410 
4.07100000 	-1.01767193 
4.07200000 	-1.01791972 
4.07300000 	-1.01816749 
4.07400000 	-1.01841522 
4.07500000 	-1.01866292 
4.07600000 	-1.01891060 
4.07700000 	-1.01915824 
4.07800000 	-1.01940585 
4.07900000 	-1.01965344 
4.08000000 	-1.01990099 
4.08100000 	-1.02014851 
4.08200000 	-1.02039600 
4.08300000 	-1.02064346 
4.08400000 	-1.02089089 
4.08500000 	-1.02113829 
4.08600000 	-1.02138566 
4.08700000 	-1.02163300 
4.08800000 	-1.02188031 
4.08900000 	-1.02212759 
4.09000000 	-1.02237484 
4.09100000 	-1.02262206 
4.09200000 	-1.02286925 
4.09300000 	-1.02311641 
4.09400000 	-1.02336354 
4.09500000 	-1.02361063 
4.09600000 	-1.02385770 
4.09700000 	-1.02410474 
4.09800000 	-1.02435175 
4.09900000 	-1.02459873 
4.10000000 	-1.02484567 
4.10100000 	-1.02509259 
4.10200000 	-1.02533948 
4.10300000 	-1.02558633 
4.10400000 	-1.02583316 
4.10500000 	-1.02607996 
4.10600000 	-1.02632673 
4.10700000 	-1.02657346 
4.10800000 	-1.02682017 
4.10900000 	-1.02706685 
4.11000000 	-1.02731349 
4.11100000 	-1.02756011 
4.11200000 	-1.02780670 
4.11300000 	-1.02805325 
4.11400000 	-1.02829978 
4.11500000 	-1.02854628 
4.11600000 	-1.02879274 
4.11700000 	-1.02903918 
4.11800000 	-1.02928559 
4.11900000 	-1.02953197 
4.12000000 	-1.02977831 
4.12100000 	-1.03002463 
4.12200000 	-1.03027092 
4.12300000 	-1.03051718 
4.12400000 	-1.03076340 
4.12500000 	-1.03100960 
4.12600000 	-1.03125577 
4.16300000 	-1.04034311 
4.16400000 	-1.04058815 
4.16500000 	-1.04083316 
4.16600000 	-1.04107815 
4.16700000 	-1.04132310 
4.16800000 	-1.04156802 
4.16900000 	-1.04181292 
4.17000000 	-1.04205779 
4.17100000 	-1.04230262 
4.17200000 	-1.04254743 
4.17300000 	-1.04279221 
4.17400000 	-1.04303696 
4.17500000 	-1.04328167 
4.17600000 	-1.04352636 
4.17700000 	-1.04377102 
4.17800000 	-1.04401566 
4.17900000 	-1.04426026 
4.18000000 	-1.04450483 
4.18100000 	-1.04474937 
4.18200000 	-1.04499389 
4.18300000 	-1.04523837 
4.18400000 	-1.04548283 
4.18500000 	-1.04572725 
4.18600000 	-1.04597165 
4.18700000 	-1.04621602 
4.18800000 	-1.04646036 
4.18900000 	-1.04670467 
4.19000000 	-1.04694895 
4.19100000 	-1.04719320 
4.19200000 	-1.04743742 
4.19300000 	-1.04768162 
4.19400000 	-1.04792578 
4.19500000 	-1.04816991 
4.19600000 	-1.04841402 
4.19700000 	-1.04865810 
4.19800000 	-1.04890215 
4.19900000 	-1.04914616 
4.20000000 	-1.04939015 
4.20100000 	-1.04963411 
4.20200000 	-1.04987805 
4.20300000 	-1.05012195 
4.20400000 	-1.05036582 
4.20500000 	-1.05060967 
4.20600000 	-1.05085348 
4.20700000 	-1.05109727 
4.20800000 	-1.05134102 
4.20900000 	-1.05158475 
4.21000000 	-1.05182845 
4.21100000 	-1.05207212 
4.21200000 	-1.05231577 
4.21300000 	-1.05255938 
4.21400000 	-1.05280296 
4.21500000 	-1.05304652 
4.21600000 	-1.05329004 
4.21700000 	-1.05353354 
4.21800000 	-1.05377701 
4.21900000 	-1.05402045 
4.22000000 	-1.05426386 
4.22100000 	-1.05450724 
4.22200000 	-1.05475059 
4.22300000 	-1.05499392 
4.22400000 	-1.05523721 
4.22500000 	-1.05548048 
4.22600000 	-1.05572372 
4.22700000 	-1.05596693 
4.22800000 	-1.05621011 
4.22900000 	-1.05645326 
4.23000000 	-1.05669638 
4.23100000 	-1.05693947 
4.23200000 	-1.05718254 
4.26800000 	-1.06591384 
4.26900000 	-1.06615585 
4.27000000 	-1.06639783 
4.27100000 	-1.06663978 
4.27200000 	-1.06688171 
4.27300000 	-1.06712361 
4.27400000 	-1.06736547 
4.27500000 	-1.06760731 
4.27600000 	-1.06784912 
4.27700000 	-1.06809091 
4.27800000 	-1.06833266 
4.27900000 	-1.06857439 
4.28000000 	-1.06881609 
4.28100000 	-1.06905776 
4.28200000 	-1.06929940 
4.28300000 	-1.06954101 
4.28400000 	-1.06978260 
4.28500000 	-1.07002415 
4.28600000 	-1.07026568 
4.28700000 	-1.07050718 
4.28800000 	-1.07074866 
4.28900000 	-1.07099010 
4.29000000 	-1.07123152 
4.29100000 	-1.07147291 
4.29200000 	-1.07171427 
4.29300000 	-1.07195560 
4.29400000 	-1.07219690 
4.29500000 	-1.07243818 
4.29600000 	-1.07267943 
4.29700000 	-1.07292064 
4.29800000 	-1.07316184 
4.29900000 	-1.07340300 
4.30000000 	-1.07364414 
4.30100000 	-1.07388524 
4.30200000 	-1.07412632 
4.30300000 	-1.07436737 
4.30400000 	-1.07460840 
4.30500000 	-1.07484939 
4.30600000 	-1.07509036 
4.30700000 	-1.07533130 
4.30800000 	-1.07557221 
4.30900000 	-1.07581309 
4.31000000 	-1.07605395 
4.31100000 	-1.07629478 
4.31200000 	-1.07653558 
4.31300000 	-1.07677635 
4.31400000 	-1.07701709 
4.31500000 	-1.07725781 
4.31600000 	-1.07749850 
4.31700000 	-1.07773916 
4.31800000 	-1.07797979 
4.31900000 	-1.07822039 
4.32000000 	-1.07846097 
4.32100000 	-1.07870152 
4.32200000 	-1.07894204 
4.32300000 	-1.07918253 
4.32400000 	-1.07942300 
4.32500000 	-1.07966343 
4.32600000 	-1.07990384 
4.32700000 	-1.08014423 
4.32800000 	-1.08038458 
4.32900000 	-1.08062491 
4.33000000 	-1.08086520 
4.33100000 	-1.08110548 
4.33200000 	-1.08134572 
4.33300000 	-1.08158593 
4.33400000 	-1.08182612 
4.33500000 	-1.08206628 
4.33600000 	-1.08230641 
4.33700000 	-1.08254652 
4.37300000 	-1.09117192 
4.37400000 	-1.09141101 
4.37500000 	-1.09165007 
4.37600000 	-1.09188910 
4.37700000 	-1.09212810 
4.37800000 	-1.09236708 
4.37900000 	-1.09260603 
4.38000000 	-1.09284495 
4.38100000 	-1.09308385 
4.38200000 	-1.09332272 
4.38300000 	-1.09356156 
4.38400000 	-1.09380037 
4.38500000 	-1.09403916 
4.38600000 	-1.09427792 
4.38700000 	-1.09451665 
4.38800000 	-1.09475536 
4.38900000 	-1.09499403 
4.39000000 	-1.09523268 
4.39100000 	-1.09547131 
4.39200000 	-1.09570990 
4.39300000 	-1.09594847 
4.39400000 	-1.09618701 
4.39500000 	-1.09642553 
4.39600000 	-1.09666402 
4.39700000 	-1.09690248 
4.39800000 	-1.09714091 
4.39900000 	-1.09737932 
4.40000000 	-1.09761770 
4.40100000 	-1.09785605 
4.40200000 	-1.09809437 
4.40300000 	-1.09833267 
4.40400000 	-1.09857094 
4.40500000 	-1.09880919 
4.40600000 	-1.09904740 
4.40700000 	-1.09928559 
4.40800000 	-1.09952376 
4.40900000 	-1.09976189 
4.41000000 	-1.10000000 
4.41100000 	-1.10023808 
4.41200000 	-1.10047614 
4.41300000 	-1.10071416 
4.41400000 	-1.10095217 
4.41500000 	-1.10119014 
4.41600000 	-1.10142809 
4.41700000 	-1.10166601 
4.41800000 	-1.10190390 
4.41900000 	-1.10214176 
4.42000000 	-1.10237960 
4.42100000 	-1.10261742 
4.42200000 	-1.10285520 
4.42300000 	-1.10309296 
4.42400000 	-1.10333069 
4.42500000 	-1.10356840 
4.42600000 	-1.10380607 
4.42700000 	-1.10404373 
4.42800000 	-1.10428135 
4.42900000 	-1.10451895 
4.43000000 	-1.10475652 
4.43100000 	-1.10499406 
4.43200000 	-1.10523158 
4.43300000 	-1.10546907 
4.43400000 	-1.10570653 
4.43500000 	-1.10594397 
4.43600000 	-1.10618138 
4.43700000 	-1.10641876 
4.43800000 	-1.10665612 
4.43900000 	-1.10689345 
4.44000000 	-1.10713075 
4.44100000 	-1.10736803 
4.44200000 	-1.10760528 
4.44300000 	-1.10784250 
4.47800000 	-1.11612854 
4.47900000 	-1.11636481 
4.48000000 	-1.11660105 
4.48100000 	-1.11683726 
4.48200000 	-1.11707345 
4.48300000 	-1.11730961 
4.48400000 	-1.11754575 
4.48500000 	-1.11778186 
4.48600000 	-1.11801794 
4.48700000 	-1.11825400 
4.48800000 	-1.11849003 
4.48900000 	-1.11872603 
4.49000000 	-1.11896201 
4.49100000 	-1.11919796 
4.49200000 	-1.11943389 
4.49300000 	-1.11966979 
4.49400000 	-1.11990566 
4.49500000 	-1.12014150 
4.49600000 	-1.12037732 
4.49700000 	-1.12061312 
4.49800000 	-1.12084889 
4.49900000 	-1.12108463 
4.50000000 	-1.12132034 
4.50100000 	-1.12155603 
4.50200000 	-1.12179170 
4.50300000 	-1.12202733 
4.50400000 	-1.12226294 
4.50500000 	-1.12249853 
4.50600000 	-1.12273409 
4.50700000 	-1.12296962 
4.50800000 	-1.12320512 
4.50900000 	-1.12344060 
4.51000000 	-1.12367606 
4.51100000 	-1.12391149 
4.51200000 	-1.12414689 
4.51300000 	-1.12438226 
4.51400000 	-1.12461761 
4.51500000 	-1.12485294 
4.51600000 	-1.12508823 
4.51700000 	-1.12532350 
4.51800000 	-1.12555875 
4.51900000 	-1.12579397 
4.52000000 	-1.12602916 
4.52100000 	-1.12626433 
4.52200000 	-1.12649947 
4.52300000 	-1.12673459 
4.52400000 	-1.12696968 
4.52500000 	-1.12720474 
4.52600000 	-1.12743978 
4.52700000 	-1.12767479 
4.52800000 	-1.12790977 
4.52900000 	-1.12814473 
4.53000000 	-1.12837967 
4.53100000 	-1.12861457 
4.53200000 	-1.12884945 
4.53300000 	-1.12908431 
4.53400000 	-1.12931914 
4.53500000 	-1.12955394 
4.53600000 	-1.12978872 
4.53700000 	-1.13002347 
4.53800000 	-1.13025820 
4.53900000 	-1.13049290 
4.54000000 	-1.13072758 
4.54100000 	-1.13096222 
4.54200000 	-1.13119685 
4.54300000 	-1.13143144 
4.54400000 	-1.13166602 
4.54500000 	-1.13190056 
4.54600000 	-1.13213508 
4.54700000 	-1.13236957 
4.54800000 	-1.13260404 
4.54900000 	-1.13283848 
4.58300000 	-1.14079425 
4.58400000 	-1.14102779 
4.58500000 	-1.14126131 
4.58600000 	-1.14149481 
4.58700000 	-1.14172827 
4.58800000 	-1.14196172 
4.58900000 	-1.14219514 
4.59000000 	-1.14242853 
4.59100000 	-1.14266190 
4.59200000 	-1.14289524 
4.59300000 	-1.14312855 
4.59400000 	-1.14336185 
4.59500000 	-1.14359511 
4.59600000 	-1.14382835 
4.59700000 	-1.14406157 
4.59800000 	-1.14429476 
4.59900000 	-1.14452792 
4.60000000 	-1.14476106 
4.60100000 	-1.14499417 
4.60200000 	-1.14522726 
4.60300000 	-1.14546032 
4.60400000 	-1.14569336 
4.60500000 	-1.14592637 
4.60600000 	-1.14615936 
4.60700000 	-1.14639232 
4.60800000 	-1.14662526 
4.60900000 	-1.14685817 
4.61000000 	-1.14709106 
4.61100000 	-1.14732392 
4.61200000 	-1.14755675 
4.61300000 	-1.14778956 
4.61400000 	-1.14802235 
4.61500000 	-1.14825511 
4.61600000 	-1.14848784 
4.61700000 	-1.14872055 
4.61800000 	-1.14895323 
4.61900000 	-1.14918589 
4.62000000 	-1.14941853 
4.62100000 	-1.14965113 
4.62200000 	-1.14988372 
4.62300000 	-1.15011628 
4.62400000 	-1.15034881 
4.62500000 	-1.15058132 
4.62600000 	-1.15081380 
4.62700000 	-1.15104626 
4.62800000 	-1.15127869 
4.62900000 	-1.15151110 
4.63000000 	-1.15174348 
4.63100000 	-1.15197584 
4.63200000 	-1.15220817 
4.63300000 	-1.15244048 
4.63400000 	-1.15267276 
4.63500000 	-1.15290501 
4.63600000 	-1.15313725 
4.63700000 	-1.15336945 
4.63800000 	-1.15360163 
4.63900000 	-1.15383379 
4.64000000 	-1.15406592 
4.64100000 	-1.15429803 
4.64200000 	-1.15453011 
4.64300000 	-1.15476217 
4.64400000 	-1.15499420 
4.64500000 	-1.15522621 
4.64600000 	-1.15545819 
4.64700000 	-1.15569014 
4.64800000 	-1.15592208 
4.64900000 	-1.15615398 
4.65000000 	-1.15638587 
4.65100000 	-1.15661772 
4.65200000 	-1.15684955 
4.65300000 	-1.15708136 
4.65400000 	-1.15731314 
4.65500000 	-1.15754490 
4.68800000 	-1.16517898 
4.68900000 	-1.16540989 
4.69000000 	-1.16564078 
4.69100000 	-1.16587165 
4.69200000 	-1.16610249 
4.69300000 	-1.16633331 
4.69400000 	-1.16656410 
4.69500000 	-1.16679487 
4.69600000 	-1.16702561 
4.69700000 	-1.16725633 
4.69800000 	-1.16748702 
4.69900000 	-1.16771769 
4.70000000 	-1.16794834 
4.70100000 	-1.16817896 
4.70200000 	-1.16840956 
4.70300000 	-1.16864013 
4.70400000 	-1.16887067 
4.70500000 	-1.16910120 
4.70600000 	-1.16933169 
4.70700000 	-1.16956217 
4.70800000 	-1.16979262 
4.70900000 	-1.17002304 
4.71000000 	-1.17025344 
4.71100000 	-1.17048382 
4.71200000 	-1.17071417 
4.71300000 	-1.17094449 
4.71400000 	-1.17117480 
4.71500000 	-1.17140508 
4.71600000 	-1.17163533 
4.71700000 	-1.17186556 
4.71800000 	-1.17209576 
4.71900000 	-1.17232594 
4.72000000 	-1.17255610 
4.72100000 	-1.17278623 
4.72200000 	-1.17301634 
4.72300000 	-1.17324642 
4.72400000 	-1.17347648 
4.72500000 	-1.17370651 
4.72600000 	-1.17393652 
4.72700000 	-1.17416651 
4.72800000 	-1.17439647 
4.72900000 	-1.17462640 
4.73000000 	-1.17485632 
4.73100000 	-1.17508621 
4.73200000 	-1.17531607 
4.73300000 	-1.17554591 
4.73400000 	-1.17577572 
4.73500000 	-1.17600551 
4.73600000 	-1.17623528 
4.73700000 	-1.17646502 
4.73800000 	-1.17669474 
4.73900000 	-1.17692444 
4.74000000 	-1.17715411 
4.74100000 	-1.17738375 
4.74200000 	-1.17761337 
4.74300000 	-1.17784297 
4.74400000 	-1.17807254 
4.74500000 	-1.17830209 
4.74600000 	-1.17853162 
4.74700000 	-1.17876112 
4.74800000 	-1.17899059 
4.74900000 	-1.17922004 
4.75000000 	-1.17944947 
4.75100000 	-1.17967888 
4.75200000 	-1.17990825 
4.75300000 	-1.18013761 
4.75400000 	-1.18036694 
4.75500000 	-1.18059625 
4.75600000 	-1.18082553 
4.75700000 	-1.18105479 
4.75800000 	-1.18128403 
4.75900000 	-1.18151324 
4.76000000 	-1.18174242 
4.76100000 	-1.18197159 
4.76200000 	-1.18220072 
4.79400000 	-1.18952050 
4.79500000 	-1.18974884 
4.79600000 	-1.18997717 
4.79700000 	-1.19020547 
4.79800000 	-1.19043375 
4.79900000 	-1.19066200 
4.80000000 	-1.19089023 
4.80100000 	-1.19111844 
4.80200000 	-1.19134662 
4.80300000 	-1.19157478 
4.80400000 	-1.19180291 
4.80500000 	-1.19203102 
4.80600000 	-1.19225911 
4.80700000 	-1.19248717 
4.80800000 	-1.19271521 
4.80900000 	-1.19294323 
4.81000000 	-1.19317122 
4.81100000 	-1.19339919 
4.81200000 	-1.19362713 
4.81300000 	-1.19385505 
4.81400000 	-1.19408295 
4.81500000 	-1.19431083 
4.81600000 	-1.19453868 
4.81700000 	-1.19476650 
4.81800000 	-1.19499431 
4.81900000 	-1.19522208 
4.82000000 	-1.19544984 
4.82100000 	-1.19567757 
4.82200000 	-1.19590528 
4.82300000 	-1.19613297 
4.82400000 	-1.19636063 
4.82500000 	-1.19658826 
4.82600000 	-1.19681588 
4.82700000 	-1.19704347 
4.82800000 	-1.19727103 
4.82900000 	-1.19749858 
4.83000000 	-1.19772610 
4.83100000 	-1.19795359 
4.83200000 	-1.19818107 
4.83300000 	-1.19840852 
4.83400000 	-1.19863594 
4.83500000 	-1.19886334 
4.83600000 	-1.19909072 
4.83700000 	-1.19931808 
4.83800000 	-1.19954541 
4.83900000 	-1.19977272 
4.84000000 	-1.20000000 
4.84100000 	-1.20022726 
4.84200000 	-1.20045450 
4.84300000 	-1.20068171 
4.84400000 	-1.20090890 
4.84500000 	-1.20113607 
4.84600000 	-1.20136321 
4.84700000 	-1.20159033 
4.84800000 	-1.20181743 
4.84900000 	-1.20204450 
4.85000000 	-1.20227155 
4.85100000 	-1.20249858 
4.85200000 	-1.20272558 
4.85300000 	-1.20295256 
4.85400000 	-1.20317952 
4.85500000 	-1.20340645 
4.85600000 	-1.20363336 
4.85700000 	-1.20386025 
4.85800000 	-1.20408711 
4.85900000 	-1.20431395 
4.86000000 	-1.20454077 
4.86100000 	-1.20476756 
4.86200000 	-1.20499433 
4.86300000 	-1.20522108 
4.86400000 	-1.20544780 
4.86500000 	-1.20567450 
4.86600000 	-1.20590118 
4.86700000 	-1.20612783 
4.86800000 	-1.20635446 
4.89900000 	-1.21336847 
4.90000000 	-1.21359436 
4.90100000 	-1.21382023 
4.90200000 	-1.21404607 
4.90300000 	-1.21427189 
4.90400000 	-1.21449769 
4.90500000 	-1.21472346 
4.90600000 	-1.21494921 
4.90700000 	-1.21517494 
4.90800000 	-1.21540064 
4.90900000 	-1.21562632 
4.91000000 	-1.21585198 
4.91100000 	-1.21607762 
4.91200000 	-1.21630323 
4.91300000 	-1.21652882 
4.91400000 	-1.21675438 
4.91500000 	-1.21697993 
4.91600000 	-1.21720545 
4.91700000 	-1.21743095 
4.91800000 	-1.21765642 
4.91900000 	-1.21788187 
4.92000000 	-1.21810730 
4.92100000 	-1.21833271 
4.92200000 	-1.21855809 
4.92300000 	-1.21878345 
4.92400000 	-1.21900879 
4.92500000 	-1.21923410 
4.92600000 	-1.21945939 
4.92700000 	-1.21968466 
4.92800000 	-1.21990991 
4.92900000 	-1.22013513 
4.93000000 	-1.22036033 
4.93100000 	-1.22058551 
4.93200000 	-1.22081066 
4.93300000 	-1.22103579 
4.93400000 	-1.22126090 
4.93500000 	-1.22148599 
4.93600000 	-1.22171105 
4.93700000 	-1.22193609 
4.93800000 	-1.22216111 
4.93900000 	-1.22238611 
4.94000000 	-1.22261108 
4.94100000 	-1.22283603 
4.94200000 	-1.22306095 
4.94300000 	-1.22328586 
4.94400000 	-1.22351074 
4.94500000 	-1.22373560 
4.94600000 	-1.22396043 
4.94700000 	-1.22418524 
4.94800000 	-1.22441003 
4.94900000 	-1.22463480 
4.95000000 	-1.22485955 
4.95100000 	-1.22508427 
4.95200000 	-1.22530897 
4.95300000 	-1.22553364 
4.95400000 	-1.22575830 
4.95500000 	-1.22598293 
4.95600000 	-1.22620754 
4.95700000 	-1.22643212 
4.95800000 	-1.22665669 
4.95900000 	-1.22688123 
4.96000000 	-1.22710575 
4.96100000 	-1.22733024 
4.96200000 	-1.22755471 
4.96300000 	-1.22777916 
4.96400000 	-1.22800359 
4.96500000 	-1.22822800 
4.96600000 	-1.22845238 
4.96700000 	-1.22867674 
4.96800000 	-1.22890107 
4.96900000 	-1.22912539 
4.97000000 	-1.22934968 
4.97100000 	-1.22957395 
4.97200000 	-1.22979820 
4.97300000 	-1.23002242 
4.97400000 	-1.23024662 
4.97500000 	-1.23047080 