0.00000000 	2.00000000 
0.00250000 	1.95000000 
0.00500000 	1.92928932 
0.00750000 	1.91339746 
0.01000000 	1.90000000 
0.01250000 	1.88819660 
0.01500000 	1.87752551 
0.01750000 	1.86771243 
0.02000000 	1.85857864 
0.02250000 	1.85000000 
0.02500000 	1.84188612 
0.02750000 	1.83416876 
0.03000000 	1.82679492 
0.03250000 	1.81972244 
0.03500000 	1.81291713 
0.03750000 	1.80635083 
0.04000000 	1.80000000 
0.04250000 	1.79384472 
0.04500000 	1.78786797 
0.04750000 	1.78205505 
0.05000000 	1.77639320 
0.05250000 	1.77087122 
0.05500000 	1.76547921 
0.05750000 	1.76020842 
0.06000000 	1.75505103 
0.06250000 	1.75000000 
0.06500000 	1.74504902 
0.06750000 	1.74019238 
0.07000000 	1.73542487 
0.07250000 	1.73074176 
0.07500000 	1.72613872 
0.07750000 	1.72161178 
0.08000000 	1.71715729 
0.08250000 	1.71277187 
0.08500000 	1.70845241 
0.08750000 	1.70419601 
0.09000000 	1.70000000 
0.09250000 	1.69586187 
0.09500000 	1.69177930 
0.09750000 	1.68775010 
0.10000000 	1.68377223 
0.10250000 	1.67984379 
0.10500000 	1.67596297 
0.10750000 	1.67212807 
0.11000000 	1.66833752 
0.11250000 	1.66458980 
0.11500000 	1.66088350 
0.11750000 	1.65721727 
0.12000000 	1.65358984 
0.12250000 	1.65000000 
0.12500000 	1.64644661 
0.12750000 	1.64292858 
0.13000000 	1.63944487 
0.13250000 	1.63599451 
0.13500000 	1.63257654 
0.13750000 	1.62919008 
0.14000000 	1.62583426 
0.14250000 	1.62250828 
0.14500000 	1.61921134 
0.14750000 	1.61594271 
0.15000000 	1.61270167 
0.15250000 	1.60948752 
0.15500000 	1.60629961 
0.15750000 	1.60313730 
0.16000000 	1.60000000 
0.16250000 	1.59688711 
0.16500000 	1.59379808 
0.16750000 	1.59073236 
0.17000000 	1.58768944 
0.17250000 	1.58466881 
0.17500000 	1.58166999 
0.17750000 	1.57869251 
0.18000000 	1.57573593 
0.18250000 	1.57279981 
0.18500000 	1.56988374 
0.18750000 	1.56698730 
0.19000000 	1.56411011 
0.19250000 	1.56125178 
0.19500000 	1.55841196 
0.19750000 	1.55559028 
0.20000000 	1.55278640 
0.20250000 	1.55000000 
0.20500000 	1.54723074 
0.20750000 	1.54447832 
0.21000000 	1.54174243 
0.21250000 	1.53902278 
0.21500000 	1.53631908 
0.21750000 	1.53363105 
0.22000000 	1.53095842 
0.22250000 	1.52830094 
0.22500000 	1.52565835 
0.22750000 	1.52303040 
0.23000000 	1.52041685 
0.23250000 	1.51781746 
0.23500000 	1.51523201 
0.23750000 	1.51266028 
0.24000000 	1.51010205 
0.24250000 	1.50755711 
0.24500000 	1.50502525 
0.24750000 	1.50250628 
0.25000000 	1.50000000 
0.25250000 	1.49750622 
0.25500000 	1.49502475 
0.25750000 	1.49255542 
0.26000000 	1.49009805 
0.26250000 	1.48765246 
0.26500000 	1.48521849 
0.26750000 	1.48279598 
0.27000000 	1.48038476 
0.27250000 	1.47798467 
0.27500000 	1.47559558 
0.27750000 	1.47321731 
0.28000000 	1.47084974 
0.28250000 	1.46849271 
0.28500000 	1.46614609 
0.28750000 	1.46380974 
0.29000000 	1.46148352 
0.29250000 	1.45916731 
0.29500000 	1.45686098 
0.29750000 	1.45456439 
0.30000000 	1.45227744 
0.30250000 	1.45000000 
0.30500000 	1.44773195 
0.30750000 	1.44547317 
0.31000000 	1.44322356 
0.31250000 	1.44098301 
0.31500000 	1.43875139 
0.31750000 	1.43652862 
0.32000000 	1.43431458 
0.32250000 	1.43210917 
0.32500000 	1.42991229 
0.32750000 	1.42772384 
0.33000000 	1.42554374 
0.33250000 	1.42337187 
0.33500000 	1.42120815 
0.33750000 	1.41905250 
0.34000000 	1.41690481 
0.34250000 	1.41476500 
0.34500000 	1.41263299 
0.34750000 	1.41050869 
0.35000000 	1.40839202 
0.35250000 	1.40628290 
0.35500000 	1.40418124 
0.35750000 	1.40208696 
0.36000000 	1.40000000 
0.36250000 	1.39792027 
0.36500000 	1.39584770 
0.36750000 	1.39378222 
0.37000000 	1.39172375 
0.37250000 	1.38967222 
0.37500000 	1.38762756 
0.37750000 	1.38558971 
0.38000000 	1.38355860 
0.38250000 	1.38153416 
0.38500000 	1.37951632 
0.38750000 	1.37750502 
0.39000000 	1.37550020 
0.39250000 	1.37350180 
0.39500000 	1.37150975 
0.39750000 	1.36952399 
0.40000000 	1.36754447 
0.40250000 	1.36557112 
0.40500000 	1.36360390 
0.40750000 	1.36164273 
0.41000000 	1.35968758 
0.41250000 	1.35773837 
0.41500000 	1.35579506 
0.41750000 	1.35385760 
0.42000000 	1.35192593 
0.42250000 	1.35000000 
0.42500000 	1.34807976 
0.42750000 	1.34616516 
0.43000000 	1.34425615 
0.43250000 	1.34235268 
0.43500000 	1.34045470 
0.43750000 	1.33856217 
0.44000000 	1.33667504 
0.44250000 	1.33479327 
0.44500000 	1.33291680 
0.44750000 	1.33104559 
0.45000000 	1.32917961 
0.45250000 	1.32731880 
0.45500000 	1.32546312 
0.45750000 	1.32361254 
0.46000000 	1.32176700 
0.46250000 	1.31992647 
0.46500000 	1.31809092 
0.46750000 	1.31626028 
0.47000000 	1.31443454 
0.47250000 	1.31261365 
0.47500000 	1.31079756 
0.47750000 	1.30898625 
0.48000000 	1.30717968 
0.48250000 	1.30537780 
0.48500000 	1.30358059 
0.48750000 	1.30178800 
0.49000000 	1.30000000 
0.49250000 	1.29821656 
0.49500000 	1.29643764 
0.49750000 	1.29466320 
0.50000000 	1.29289322 
0.50250000 	1.29112766 
0.50500000 	1.28936648 
0.50750000 	1.28760966 
0.51000000 	1.28585716 
0.51250000 	1.28410895 
0.51500000 	1.28236500 
0.51750000 	1.28062527 
0.52000000 	1.27888974 
0.52250000 	1.27715839 
0.52500000 	1.27543116 
0.52750000 	1.27370805 
0.53000000 	1.27198901 
0.53250000 	1.27027402 
0.53500000 	1.26856306 
0.53750000 	1.26685609 
0.54000000 	1.26515308 
0.54250000 	1.26345401 
0.54500000 	1.26175885 
0.54750000 	1.26006757 
0.55000000 	1.25838015 
0.55250000 	1.25669656 
0.55500000 	1.25501678 
0.55750000 	1.25334077 
0.56000000 	1.25166852 
0.56250000 	1.25000000 
0.56500000 	1.24833518 
0.56750000 	1.24667404 
0.57000000 	1.24501656 
0.57250000 	1.24336270 
0.57500000 	1.24171246 
0.57750000 	1.24006579 
0.58000000 	1.23842269 
0.58250000 	1.23678312 
0.58500000 	1.23514707 
0.58750000 	1.23351451 
0.59000000 	1.23188543 
0.59250000 	1.23025978 
0.59500000 	1.22863757 
0.59750000 	1.22701876 
0.60000000 	1.22540333 
0.60250000 	1.22379127 
0.60500000 	1.22218254 
0.60750000 	1.22057714 
0.61000000 	1.21897503 
0.61250000 	1.21737621 
0.61500000 	1.21578064 
0.61750000 	1.21418832 
0.62000000 	1.21259921 
0.62250000 	1.21101331 
0.62500000 	1.20943058 
0.62750000 	1.20785102 
0.63000000 	1.20627461 
0.63250000 	1.20470131 
0.63500000 	1.20313113 
0.63750000 	1.20156403 
0.64000000 	1.20000000 
0.64250000 	1.19843902 
0.64500000 	1.19688108 
0.64750000 	1.19532615 
0.65000000 	1.19377423 
0.65250000 	1.19222528 
0.65500000 	1.19067930 
0.65750000 	1.18913626 
0.66000000 	1.18759616 
0.66250000 	1.18605897 
0.66500000 	1.18452468 
0.66750000 	1.18299327 
0.67000000 	1.18146472 
0.67250000 	1.17993903 
0.67500000 	1.17841616 
0.67750000 	1.17689612 
0.68000000 	1.17537887 
0.68250000 	1.17386442 
0.68500000 	1.17235273 
0.68750000 	1.17084380 
0.69000000 	1.16933761 
0.69250000 	1.16783415 
0.69500000 	1.16633340 
0.69750000 	1.16483535 
0.70000000 	1.16333997 
0.70250000 	1.16184727 
0.70500000 	1.16035722 
0.70750000 	1.15886981 
0.71000000 	1.15738502 
0.71250000 	1.15590285 
0.71500000 	1.15442327 
0.71750000 	1.15294628 
0.72000000 	1.15147186 
0.72250000 	1.15000000 
0.72500000 	1.14853068 
0.72750000 	1.14706389 
0.73000000 	1.14559963 
0.73250000 	1.14413786 
0.73500000 	1.14267859 
0.73750000 	1.14122180 
0.74000000 	1.13976747 
0.74250000 	1.13831560 
0.74500000 	1.13686617 
0.74750000 	1.13541918 
0.75000000 	1.13397460 
0.75250000 	1.13253242 
0.75500000 	1.13109264 
0.75750000 	1.12965524 
0.76000000 	1.12822021 
0.76250000 	1.12678754 
0.76500000 	1.12535722 
0.76750000 	1.12392923 
0.77000000 	1.12250356 
0.77250000 	1.12108021 
0.77500000 	1.11965916 
0.77750000 	1.11824040 
0.78000000 	1.11682391 
0.78250000 	1.11540970 
0.78500000 	1.11399774 
0.78750000 	1.11258803 
0.79000000 	1.11118056 
0.79250000 	1.10977531 
0.79500000 	1.10837227 
0.79750000 	1.10697145 
0.80000000 	1.10557281 
0.80250000 	1.10417636 
0.80500000 	1.10278208 
0.80750000 	1.10138996 
0.81000000 	1.10000000 
0.81250000 	1.09861218 
0.81500000 	1.09722650 
0.81750000 	1.09584293 
0.82000000 	1.09446149 
0.82250000 	1.09308214 
0.82500000 	1.09170489 
0.82750000 	1.09032973 
0.83000000 	1.08895664 
0.83250000 	1.08758562 
0.83500000 	1.08621666 
0.83750000 	1.08484974 
0.84000000 	1.08348486 
0.84250000 	1.08212201 
0.84500000 	1.08076118 
0.84750000 	1.07940237 
0.85000000 	1.07804555 
0.85250000 	1.07669073 
0.85500000 	1.07533790 
0.85750000 	1.07398704 
0.86000000 	1.07263815 
0.86250000 	1.07129122 
0.86500000 	1.06994624 
0.86750000 	1.06860320 
0.87000000 	1.06726209 
0.87250000 	1.06592292 
0.87500000 	1.06458565 
0.87750000 	1.06325030 
0.88000000 	1.06191685 
0.88250000 	1.06058529 
0.88500000 	1.05925561 
0.88750000 	1.05792782 
0.89000000 	1.05660189 
0.89250000 	1.05527782 
0.89500000 	1.05395560 
0.89750000 	1.05263523 
0.90000000 	1.05131670 
0.90250000 	1.05000000 
0.90500000 	1.04868512 
0.90750000 	1.04737206 
0.91000000 	1.04606080 
0.91250000 	1.04475134 
0.91500000 	1.04344368 
0.91750000 	1.04213780 
0.92000000 	1.04083370 
0.92250000 	1.03953136 
0.92500000 	1.03823080 
0.92750000 	1.03693199 
0.93000000 	1.03563492 
0.93250000 	1.03433960 
0.93500000 	1.03304602 
0.93750000 	1.03175416 
0.94000000 	1.03046403 
0.94250000 	1.02917561 
0.94500000 	1.02788890 
0.94750000 	1.02660388 
0.95000000 	1.02532057 
0.95250000 	1.02403894 
0.95500000 	1.02275899 
0.95750000 	1.02148071 
0.96000000 	1.02020410 
0.96250000 	1.01892916 
0.96500000 	1.01765586 
0.96750000 	1.01638422 
0.97000000 	1.01511422 
0.97250000 	1.01384585 
0.97500000 	1.01257912 
0.97750000 	1.01131400 
0.98000000 	1.01005051 
0.98250000 	1.00878862 
0.98500000 	1.00752834 
0.98750000 	1.00626965 
0.99000000 	1.00501256 
0.99250000 	1.00375706 
0.99500000 	1.00250313 
0.99750000 	1.00125078 
1.00000000 	1.00000000 
1.00250000 	0.99875078 
1.00500000 	0.99750312 
1.00750000 	0.99625701 
1.01000000 	0.99501244 
1.01250000 	0.99376941 
1.01500000 	0.99252792 
1.01750000 	0.99128795 
1.02000000 	0.99004951 
1.02250000 	0.98881258 
1.02500000 	0.98757716 
1.02750000 	0.98634325 
1.03000000 	0.98511084 
1.03250000 	0.98387993 
1.03500000 	0.98265050 
1.03750000 	0.98142256 
1.04000000 	0.98019610 
1.04250000 	0.97897111 
1.04500000 	0.97774758 
1.04750000 	0.97652553 
1.05000000 	0.97530492 
1.05250000 	0.97408577 
1.05500000 	0.97286807 
1.05750000 	0.97165181 
1.06000000 	0.97043699 
1.06250000 	0.96922359 
1.06500000 	0.96801163 
1.06750000 	0.96680108 
1.07000000 	0.96559196 
1.07250000 	0.96438424 
1.07500000 	0.96317793 
1.07750000 	0.96197303 
1.08000000 	0.96076952 
1.08250000 	0.95956740 
1.08500000 	0.95836667 
1.08750000 	0.95716732 
1.09000000 	0.95596935 
1.09250000 	0.95477275 
1.09500000 	0.95357752 
1.09750000 	0.95238366 
1.10000000 	0.95119115 
1.10250000 	0.95000000 
1.10500000 	0.94881020 
1.10750000 	0.94762174 
1.11000000 	0.94643462 
1.11250000 	0.94524884 
1.11500000 	0.94406440 
1.11750000 	0.94288127 
1.12000000 	0.94169948 
1.12250000 	0.94051899 
1.12500000 	0.93933983 
1.12750000 	0.93816197 
1.13000000 	0.93698542 
1.13250000 	0.93581017 
1.13500000 	0.93463621 
1.13750000 	0.93346355 
1.14000000 	0.93229217 
1.14250000 	0.93112208 
1.14500000 	0.92995327 
1.14750000 	0.92878574 
1.15000000 	0.92761947 
1.15250000 	0.92645447 
1.15500000 	0.92529074 
1.15750000 	0.92412826 
1.16000000 	0.92296704 
1.16250000 	0.92180707 
1.16500000 	0.92064834 
1.16750000 	0.91949086 
1.17000000 	0.91833462 
1.17250000 	0.91717961 
1.17500000 	0.91602583 
1.17750000 	0.91487328 
1.18000000 	0.91372195 
1.18250000 	0.91257184 
1.18500000 	0.91142295 
1.18750000 	0.91027526 
1.19000000 	0.90912879 
1.19250000 	0.90798352 
1.19500000 	0.90683944 
1.19750000 	0.90569657 
1.20000000 	0.90455488 
1.20250000 	0.90341439 
1.20500000 	0.90227508 
1.20750000 	0.90113695 
1.21000000 	0.90000000 
1.21250000 	0.89886422 
1.21500000 	0.89772962 
1.21750000 	0.89659618 
1.22000000 	0.89546390 
1.22250000 	0.89433278 
1.22500000 	0.89320282 
1.22750000 	0.89207401 
1.23000000 	0.89094635 
1.23250000 	0.88981983 
1.23500000 	0.88869446 
1.23750000 	0.88757023 
1.24000000 	0.88644713 
1.24250000 	0.88532516 
1.24500000 	0.88420432 
1.24750000 	0.88308460 
1.25000000 	0.88196601 
1.25250000 	0.88084854 
1.25500000 	0.87973217 
1.25750000 	0.87861693 
1.26000000 	0.87750278 
1.26250000 	0.87638975 
1.26500000 	0.87527781 
1.26750000 	0.87416698 
1.27000000 	0.87305723 
1.27250000 	0.87194858 
1.27500000 	0.87084102 
1.27750000 	0.86973454 
1.28000000 	0.86862915 
1.28250000 	0.86752483 
1.28500000 	0.86642160 
1.28750000 	0.86531943 
1.29000000 	0.86421833 
1.29250000 	0.86311830 
1.29500000 	0.86201933 
1.29750000 	0.86092143 
1.30000000 	0.85982457 
1.30250000 	0.85872878 
1.30500000 	0.85763403 
1.30750000 	0.85654034 
1.31000000 	0.85544769 
1.31250000 	0.85435608 
1.31500000 	0.85326551 
1.31750000 	0.85217597 
1.32000000 	0.85108747 
1.32250000 	0.85000000 
1.32500000 	0.84891356 
1.32750000 	0.84782814 
1.33000000 	0.84674374 
1.33250000 	0.84566036 
1.33500000 	0.84457800 
1.33750000 	0.84349665 
1.34000000 	0.84241631 
1.34250000 	0.84133698 
1.34500000 	0.84025865 
1.34750000 	0.83918132 
1.35000000 	0.83810500 
1.35250000 	0.83702967 
1.35500000 	0.83595533 
1.35750000 	0.83488198 
1.36000000 	0.83380962 
1.36250000 	0.83273825 
1.36500000 	0.83166786 
1.36750000 	0.83059844 
1.37000000 	0.82953001 
1.37250000 	0.82846255 
1.37500000 	0.82739606 
1.37750000 	0.82633054 
1.38000000 	0.82526599 
1.38250000 	0.82420240 
1.38500000 	0.82313977 
1.38750000 	0.82207810 
1.39000000 	0.82101739 
1.39250000 	0.81995763 
1.39500000 	0.81889882 
1.39750000 	0.81784096 
1.40000000 	0.81678404 
1.40250000 	0.81572807 
1.40500000 	0.81467304 
1.40750000 	0.81361895 
1.41000000 	0.81256579 
1.41250000 	0.81151357 
1.41500000 	0.81046227 
1.41750000 	0.80941191 
1.42000000 	0.80836247 
1.42250000 	0.80731396 
1.42500000 	0.80626636 
1.42750000 	0.80521969 
1.43000000 	0.80417393 
1.43250000 	0.80312908 
1.43500000 	0.80208514 
1.43750000 	0.80104212 
1.44000000 	0.80000000 
1.44250000 	0.79895879 
1.44500000 	0.79791847 
1.44750000 	0.79687906 
1.45000000 	0.79584054 
1.45250000 	0.79480292 
1.45500000 	0.79376619 
1.45750000 	0.79273035 
1.46000000 	0.79169540 
1.46250000 	0.79066134 
1.46500000 	0.78962816 
1.46750000 	0.78859586 
1.47000000 	0.78756443 
1.47250000 	0.78653389 
1.47500000 	0.78550422 
1.47750000 	0.78447542 
1.48000000 	0.78344749 
1.48250000 	0.78242043 
1.48500000 	0.78139424 
1.48750000 	0.78036891 
1.49000000 	0.77934444 
1.49250000 	0.77832083 
1.49500000 	0.77729807 
1.49750000 	0.77627617 
1.50000000 	0.77525513 
1.50250000 	0.77423493 
1.50500000 	0.77321559 
1.50750000 	0.77219708 
1.51000000 	0.77117943 
1.51250000 	0.77016261 
1.51500000 	0.76914664 
1.51750000 	0.76813150 
1.52000000 	0.76711720 
1.52250000 	0.76610373 
1.52500000 	0.76509110 
1.52750000 	0.76407929 
1.53000000 	0.76306831 
1.53250000 	0.76205816 
1.53500000 	0.76104883 
1.53750000 	0.76004032 
1.54000000 	0.75903264 
1.54250000 	0.75802577 
1.54500000 	0.75701971 
1.54750000 	0.75601447 
1.55000000 	0.75501004 
1.55250000 	0.75400642 
1.55500000 	0.75300361 
1.55750000 	0.75200160 
1.56000000 	0.75100040 
1.56250000 	0.75000000 
1.56500000 	0.74900040 
1.56750000 	0.74800160 
1.57000000 	0.74700359 
1.57250000 	0.74600638 
1.57500000 	0.74500996 
1.57750000 	0.74401433 
1.58000000 	0.74301949 
1.58250000 	0.74202544 
1.58500000 	0.74103217 
1.58750000 	0.74003968 
1.59000000 	0.73904798 
1.59250000 	0.73805705 
1.59500000 	0.73706691 
1.59750000 	0.73607753 
1.60000000 	0.73508894 
1.60250000 	0.73410111 
1.60500000 	0.73311405 
1.60750000 	0.73212777 
1.61000000 	0.73114225 
1.61250000 	0.73015749 
1.61500000 	0.72917350 
1.61750000 	0.72819027 
1.62000000 	0.72720779 
1.62250000 	0.72622608 
1.62500000 	0.72524512 
1.62750000 	0.72426492 
1.63000000 	0.72328547 
1.63250000 	0.72230677 
1.63500000 	0.72132881 
1.63750000 	0.72035161 
1.64000000 	0.71937515 
1.64250000 	0.71839944 
1.64500000 	0.71742447 
1.64750000 	0.71645023 
1.65000000 	0.71547674 
1.65250000 	0.71450399 
1.65500000 	0.71353197 
1.65750000 	0.71256068 
1.66000000 	0.71159013 
1.66250000 	0.71062030 
1.66500000 	0.70965121 
1.66750000 	0.70868284 
1.67000000 	0.70771520 
1.67250000 	0.70674828 
1.67500000 	0.70578209 
1.67750000 	0.70481662 
1.68000000 	0.70385186 
1.68250000 	0.70288782 
1.68500000 	0.70192450 
1.68750000 	0.70096189 
1.69000000 	0.70000000 
1.69250000 	0.69903882 
1.69500000 	0.69807834 
1.69750000 	0.69711858 
1.70000000 	0.69615952 
1.70250000 	0.69520116 
1.70500000 	0.69424351 
1.70750000 	0.69328657 
1.71000000 	0.69233032 
1.71250000 	0.69137477 
1.71500000 	0.69041991 
1.71750000 	0.68946576 
1.72000000 	0.68851230 
1.72250000 	0.68755953 
1.72500000 	0.68660745 
1.72750000 	0.68565606 
1.73000000 	0.68470536 
1.73250000 	0.68375534 
1.73500000 	0.68280601 
1.73750000 	0.68185737 
1.74000000 	0.68090940 
1.74250000 	0.67996212 
1.74500000 	0.67901552 
1.74750000 	0.67806959 
1.75000000 	0.67712434 
1.75250000 	0.67617977 
1.75500000 	0.67523587 
1.75750000 	0.67429264 
1.76000000 	0.67335008 
1.76250000 	0.67240820 
1.76500000 	0.67146697 
1.76750000 	0.67052642 
1.77000000 	0.66958653 
1.77250000 	0.66864730 
1.77500000 	0.66770874 
1.77750000 	0.66677084 
1.78000000 	0.66583359 
1.78250000 	0.66489701 
1.78500000 	0.66396108 
1.78750000 	0.66302580 
1.79000000 	0.66209118 
1.79250000 	0.66115722 
1.79500000 	0.66022390 
1.79750000 	0.65929123 
1.80000000 	0.65835921 
1.80250000 	0.65742784 
1.80500000 	0.65649712 
1.80750000 	0.65556703 
1.81000000 	0.65463760 
1.81250000 	0.65370880 
1.81500000 	0.65278064 
1.81750000 	0.65185312 
1.82000000 	0.65092624 
1.82250000 	0.65000000 
1.82500000 	0.64907439 
1.82750000 	0.64814942 
1.83000000 	0.64722507 
1.83250000 	0.64630136 
1.83500000 	0.64537828 
1.83750000 	0.64445583 
1.84000000 	0.64353400 
1.84250000 	0.64261280 
1.84500000 	0.64169223 
1.84750000 	0.64077228 
1.85000000 	0.63985295 
1.85250000 	0.63893424 
1.85500000 	0.63801615 
1.85750000 	0.63709868 
1.86000000 	0.63618183 
1.86250000 	0.63526559 
1.86500000 	0.63434997 
1.86750000 	0.63343496 
1.87000000 	0.63252057 
1.87250000 	0.63160678 
1.87500000 	0.63069361 
1.87750000 	0.62978104 
1.88000000 	0.62886908 
1.88250000 	0.62795773 
1.88500000 	0.62704698 
1.88750000 	0.62613683 
1.89000000 	0.62522729 
1.89250000 	0.62431835 
1.89500000 	0.62341001 
1.89750000 	0.62250227 
1.90000000 	0.62159512 
1.90250000 	0.62068858 
1.90500000 	0.61978263 
1.90750000 	0.61887727 
1.91000000 	0.61797250 
1.91250000 	0.61706833 
1.91500000 	0.61616475 
1.91750000 	0.61526176 
1.92000000 	0.61435935 
1.92250000 	0.61345754 
1.92500000 	0.61255631 
1.92750000 	0.61165566 
1.93000000 	0.61075560 
1.93250000 	0.60985612 
1.93500000 	0.60895723 
1.93750000 	0.60805891 
1.94000000 	0.60716117 
1.94250000 	0.60626401 
1.94500000 	0.60536743 
1.94750000 	0.60447143 
1.95000000 	0.60357600 
1.95250000 	0.60268114 
1.95500000 	0.60178685 
1.95750000 	0.60089314 
1.96000000 	0.60000000 
1.96250000 	0.59910743 
1.96500000 	0.59821542 
1.96750000 	0.59732399 
1.97000000 	0.59643312 
1.97250000 	0.59554281 
1.97500000 	0.59465307 
1.97750000 	0.59376389 
1.98000000 	0.59287527 
1.98250000 	0.59198722 
1.98500000 	0.59109972 
1.98750000 	0.59021278 
1.99000000 	0.58932640 
1.99250000 	0.58844058 
1.99500000 	0.58755531 
1.99750000 	0.58667060 
2.00000000 	0.58578644 
2.00250000 	0.58490283 
2.00500000 	0.58401977 
2.00750000 	0.58313727 
2.01000000 	0.58225531 
2.01250000 	0.58137390 
2.01500000 	0.58049304 
2.01750000 	0.57961273 
2.02000000 	0.57873296 
2.02250000 	0.57785373 
2.02500000 	0.57697505 
2.02750000 	0.57609691 
2.03000000 	0.57521932 
2.03250000 	0.57434226 
2.03500000 	0.57346574 
2.03750000 	0.57258976 
2.04000000 	0.57171431 
2.04250000 	0.57083941 
2.04500000 	0.56996504 
2.04750000 	0.56909120 
2.05000000 	0.56821789 
2.05250000 	0.56734512 
2.05500000 	0.56647288 
2.05750000 	0.56560117 
2.06000000 	0.56472999 
2.06250000 	0.56385934 
2.06500000 	0.56298921 
2.06750000 	0.56211962 
2.07000000 	0.56125054 
2.07250000 	0.56038200 
2.07500000 	0.55951397 
2.07750000 	0.55864647 
2.08000000 	0.55777949 
2.08250000 	0.55691303 
2.08500000 	0.55604709 
2.08750000 	0.55518167 
2.09000000 	0.55431677 
2.09250000 	0.55345239 
2.09500000 	0.55258852 
2.09750000 	0.55172516 
2.10000000 	0.55086233 
2.10250000 	0.55000000 
2.10500000 	0.54913819 
2.10750000 	0.54827689 
2.11000000 	0.54741610 
2.11250000 	0.54655581 
2.11500000 	0.54569604 
2.11750000 	0.54483678 
2.12000000 	0.54397802 
2.12250000 	0.54311977 
2.12500000 	0.54226203 
2.12750000 	0.54140479 
2.13000000 	0.54054805 
2.13250000 	0.53969181 
2.13500000 	0.53883608 
2.13750000 	0.53798085 
2.14000000 	0.53712612 
2.14250000 	0.53627188 
2.14500000 	0.53541815 
2.14750000 	0.53456491 
2.15000000 	0.53371217 
2.15250000 	0.53285992 
2.15500000 	0.53200817 
2.15750000 	0.53115692 
2.16000000 	0.53030615 
2.16250000 	0.52945588 
2.16500000 	0.52860610 
2.16750000 	0.52775681 
2.17000000 	0.52690801 
2.17250000 	0.52605970 
2.17500000 	0.52521188 
2.17750000 	0.52436454 
2.18000000 	0.52351769 
2.18250000 	0.52267133 
2.18500000 	0.52182545 
2.18750000 	0.52098005 
2.19000000 	0.52013514 
2.19250000 	0.51929071 
2.19500000 	0.51844676 
2.19750000 	0.51760329 
2.20000000 	0.51676030 
2.20250000 	0.51591779 
2.20500000 	0.51507576 
2.20750000 	0.51423420 
2.21000000 	0.51339313 
2.21250000 	0.51255252 
2.21500000 	0.51171239 
2.21750000 	0.51087274 
2.22000000 	0.51003356 
2.22250000 	0.50919485 
2.22500000 	0.50835661 
2.22750000 	0.50751884 
2.23000000 	0.50668155 
2.23250000 	0.50584472 
2.23500000 	0.50500836 
2.23750000 	0.50417247 
2.24000000 	0.50333705 
2.24250000 	0.50250209 
2.24500000 	0.50166759 
2.24750000 	0.50083356 
2.25000000 	0.50000000 
2.25250000 	0.49916690 
2.25500000 	0.49833426 
2.25750000 	0.49750208 
2.26000000 	0.49667036 
2.26250000 	0.49583910 
2.26500000 	0.49500831 
2.26750000 	0.49417797 
2.27000000 	0.49334808 
2.27250000 	0.49251866 
2.27500000 	0.49168969 
2.27750000 	0.49086117 
2.28000000 	0.49003311 
2.28250000 	0.48920551 
2.28500000 	0.48837835 
2.28750000 	0.48755165 
2.29000000 	0.48672540 
2.29250000 	0.48589961 
2.29500000 	0.48507426 
2.29750000 	0.48424936 
2.30000000 	0.48342491 
2.30250000 	0.48260091 
2.30500000 	0.48177735 
2.30750000 	0.48095425 
2.31000000 	0.48013158 
2.31250000 	0.47930937 
2.31500000 	0.47848759 
2.31750000 	0.47766627 
2.32000000 	0.47684538 
2.32250000 	0.47602493 
2.32500000 	0.47520493 
2.32750000 	0.47438537 
2.33000000 	0.47356625 
2.33250000 	0.47274757 
2.33500000 	0.47192932 
2.33750000 	0.47111151 
2.34000000 	0.47029415 
2.34250000 	0.46947721 
2.34500000 	0.46866072 
2.34750000 	0.46784466 
2.35000000 	0.46702903 
2.35250000 	0.46621383 
2.35500000 	0.46539907 
2.35750000 	0.46458475 
2.36000000 	0.46377085 
2.36250000 	0.46295739 
2.36500000 	0.46214435 
2.36750000 	0.46133174 
2.37000000 	0.46051957 
2.37250000 	0.45970782 
2.37500000 	0.45889650 
2.37750000 	0.45808561 
2.38000000 	0.45727514 
2.38250000 	0.45646510 
2.38500000 	0.45565548 
2.38750000 	0.45484629 
2.39000000 	0.45403752 
2.39250000 	0.45322917 
2.39500000 	0.45242125 
2.39750000 	0.45161374 
2.40000000 	0.45080666 
2.40250000 	0.45000000 
2.40500000 	0.44919376 
2.40750000 	0.44838794 
2.41000000 	0.44758253 
2.41250000 	0.44677754 
2.41500000 	0.44597297 
2.41750000 	0.44516882 
2.42000000 	0.44436508 
2.42250000 	0.44356176 
2.42500000 	0.44275885 
2.42750000 	0.44195635 
2.43000000 	0.44115427 
2.43250000 	0.44035260 
2.43500000 	0.43955135 
2.43750000 	0.43875050 
2.44000000 	0.43795006 
2.44250000 	0.43715004 
2.44500000 	0.43635042 
2.44750000 	0.43555122 
2.45000000 	0.43475242 
2.45250000 	0.43395402 
2.45500000 	0.43315604 
2.45750000 	0.43235846 
2.46000000 	0.43156129 
2.46250000 	0.43076452 
2.46500000 	0.42996815 
2.46750000 	0.42917219 
2.47000000 	0.42837664 
2.47250000 	0.42758148 
2.47500000 	0.42678673 
2.47750000 	0.42599238 
2.48000000 	0.42519843 
2.48250000 	0.42440487 
2.48500000 	0.42361172 
2.48750000 	0.42281897 
2.49000000 	0.42202662 
2.49250000 	0.42123466 
2.49500000 	0.42044310 
2.49750000 	0.41965194 
2.50000000 	0.41886117 
2.50250000 	0.41807080 
2.50500000 	0.41728082 
2.50750000 	0.41649124 
2.51000000 	0.41570205 
2.51250000 	0.41491325 
2.51500000 	0.41412485 
2.51750000 	0.41333683 
2.52000000 	0.41254921 
2.52250000 	0.41176198 
2.52500000 	0.41097514 
2.52750000 	0.41018869 
2.53000000 	0.40940263 
2.53250000 	0.40861695 
2.53500000 	0.40783167 
2.53750000 	0.40704677 
2.54000000 	0.40626225 
2.54250000 	0.40547813 
2.54500000 	0.40469439 
2.54750000 	0.40391103 
2.55000000 	0.40312806 
2.55250000 	0.40234547 
2.55500000 	0.40156326 
2.55750000 	0.40078144 
2.56000000 	0.40000000 
2.56250000 	0.39921894 
2.56500000 	0.39843826 
2.56750000 	0.39765796 
2.57000000 	0.39687805 
2.57250000 	0.39609851 
2.57500000 	0.39531935 
2.57750000 	0.39454056 
2.58000000 	0.39376216 
2.58250000 	0.39298413 
2.58500000 	0.39220648 
2.58750000 	0.39142921 
2.59000000 	0.39065231 
2.59250000 	0.38987578 
2.59500000 	0.38909963 
2.59750000 	0.38832385 
2.60000000 	0.38754845 
2.60250000 	0.38677342 
2.60500000 	0.38599876 
2.60750000 	0.38522447 
2.61000000 	0.38445056 
2.61250000 	0.38367701 
2.61500000 	0.38290384 
2.61750000 	0.38213103 
2.62000000 	0.38135859 
2.62250000 	0.38058653 
2.62500000 	0.37981483 
2.62750000 	0.37904349 
2.63000000 	0.37827253 
2.63250000 	0.37750193 
2.63500000 	0.37673169 
2.63750000 	0.37596182 
2.64000000 	0.37519232 
2.64250000 	0.37442318 
2.64500000 	0.37365440 
2.64750000 	0.37288599 
2.65000000 	0.37211794 
2.65250000 	0.37135025 
2.65500000 	0.37058293 
2.65750000 	0.36981596 
2.66000000 	0.36904936 
2.66250000 	0.36828311 
2.66500000 	0.36751723 
2.66750000 	0.36675170 
2.67000000 	0.36598654 
2.67250000 	0.36522173 
2.67500000 	0.36445728 
2.67750000 	0.36369318 
2.68000000 	0.36292945 
2.68250000 	0.36216606 
2.68500000 	0.36140304 
2.68750000 	0.36064037 
2.69000000 	0.35987805 
2.69250000 	0.35911609 
2.69500000 	0.35835448 
2.69750000 	0.35759323 
2.70000000 	0.35683233 
2.70250000 	0.35607178 
2.70500000 	0.35531158 
2.70750000 	0.35455173 
2.71000000 	0.35379224 
2.71250000 	0.35303309 
2.71500000 	0.35227429 
2.71750000 	0.35151585 
2.72000000 	0.35075775 
2.72250000 	0.35000000 
2.72500000 	0.34924260 
2.72750000 	0.34848554 
2.73000000 	0.34772884 
2.73250000 	0.34697247 
2.73500000 	0.34621646 
2.73750000 	0.34546079 
2.74000000 	0.34470546 
2.74250000 	0.34395048 
2.74500000 	0.34319585 
2.74750000 	0.34244155 
2.75000000 	0.34168760 
2.75250000 	0.34093400 
2.75500000 	0.34018073 
2.75750000 	0.33942781 
2.76000000 	0.33867523 
2.76250000 	0.33792299 
2.76500000 	0.33717109 
2.76750000 	0.33641952 
2.77000000 	0.33566830 
2.77250000 	0.33491742 
2.77500000 	0.33416688 
2.77750000 	0.33341667 
2.78000000 	0.33266680 
2.78250000 	0.33191727 
2.78500000 	0.33116807 
2.78750000 	0.33041921 
2.79000000 	0.32967069 
2.79250000 	0.32892250 
2.79500000 	0.32817465 
2.79750000 	0.32742713 
2.80000000 	0.32667995 
2.80250000 	0.32593310 
2.80500000 	0.32518658 
2.80750000 	0.32444039 
2.81000000 	0.32369454 
2.81250000 	0.32294902 
2.81500000 	0.32220383 
2.81750000 	0.32145897 
2.82000000 	0.32071444 
2.82250000 	0.31997024 
2.82500000 	0.31922637 
2.82750000 	0.31848283 
2.83000000 	0.31773962 
2.83250000 	0.31699673 
2.83500000 	0.31625418 
2.83750000 	0.31551195 
2.84000000 	0.31477005 
2.84250000 	0.31402847 
2.84500000 	0.31328722 
2.84750000 	0.31254630 
2.85000000 	0.31180570 
2.85250000 	0.31106542 
2.85500000 	0.31032548 
2.85750000 	0.30958585 
2.86000000 	0.30884655 
2.86250000 	0.30810757 
2.86500000 	0.30736891 
2.86750000 	0.30663058 
2.87000000 	0.30589257 
2.87250000 	0.30515487 
2.87500000 	0.30441750 
2.87750000 	0.30368045 
2.88000000 	0.30294373 
2.88250000 	0.30220732 
2.88500000 	0.30147122 
2.88750000 	0.30073545 
2.89000000 	0.30000000 
2.89250000 	0.29926486 
2.89500000 	0.29853005 
2.89750000 	0.29779555 
2.90000000 	0.29706136 
2.90250000 	0.29632750 
2.90500000 	0.29559395 
2.90750000 	0.29486071 
2.91000000 	0.29412779 
2.91250000 	0.29339518 
2.91500000 	0.29266289 
2.91750000 	0.29193091 
2.92000000 	0.29119925 
2.92250000 	0.29046790 
2.92500000 	0.28973686 
2.92750000 	0.28900614 
2.93000000 	0.28827572 
2.93250000 	0.28754562 
2.93500000 	0.28681583 
2.93750000 	0.28608635 
2.94000000 	0.28535718 
2.94250000 	0.28462832 
2.94500000 	0.28389977 
2.94750000 	0.28317153 
2.95000000 	0.28244360 
2.95250000 	0.28171597 
2.95500000 	0.28098866 
2.95750000 	0.28026165 
2.96000000 	0.27953495 
2.96250000 	0.27880855 
2.96500000 	0.27808246 
2.96750000 	0.27735668 
2.97000000 	0.27663121 
2.97250000 	0.27590604 
2.97500000 	0.27518117 
2.97750000 	0.27445661 
2.98000000 	0.27373235 
2.98250000 	0.27300840 
2.98500000 	0.27228475 
2.98750000 	0.27156140 
2.99000000 	0.27083835 
2.99250000 	0.27011561 
2.99500000 	0.26939317 
2.99750000 	0.26867103 
3.00000000 	0.26794919 
3.00250000 	0.26722765 
3.00500000 	0.26650642 
3.00750000 	0.26578548 
3.01000000 	0.26506484 
3.01250000 	0.26434450 
3.01500000 	0.26362446 
3.01750000 	0.26290472 
3.02000000 	0.26218528 
3.02250000 	0.26146613 
3.02500000 	0.26074729 
3.02750000 	0.26002874 
3.03000000 	0.25931048 
3.03250000 	0.25859252 
3.03500000 	0.25787486 
3.03750000 	0.25715749 
3.04000000 	0.25644042 
3.04250000 	0.25572365 
3.04500000 	0.25500716 
3.04750000 	0.25429097 
3.05000000 	0.25357508 
3.05250000 	0.25285948 
3.05500000 	0.25214417 
3.05750000 	0.25142915 
3.06000000 	0.25071443 
3.06250000 	0.25000000 
3.06500000 	0.24928586 
3.06750000 	0.24857201 
3.07000000 	0.24785845 
3.07250000 	0.24714519 
3.07500000 	0.24643221 
3.07750000 	0.24571952 
3.08000000 	0.24500712 
3.08250000 	0.24429501 
3.08500000 	0.24358319 
3.08750000 	0.24287166 
3.09000000 	0.24216042 
3.09250000 	0.24144946 
3.09500000 	0.24073879 
3.09750000 	0.24002841 
3.10000000 	0.23931831 
3.10250000 	0.23860850 
3.10500000 	0.23789898 
3.10750000 	0.23718974 
3.11000000 	0.23648079 
3.11250000 	0.23577212 
3.11500000 	0.23506374 
3.11750000 	0.23435564 
3.12000000 	0.23364783 
3.12250000 	0.23294030 
3.12500000 	0.23223305 
3.12750000 	0.23152608 
3.13000000 	0.23081940 
3.13250000 	0.23011300 
3.13500000 	0.22940688 
3.13750000 	0.22870104 
3.14000000 	0.22799549 
3.14250000 	0.22729021 
3.14500000 	0.22658521 
3.14750000 	0.22588050 
3.15000000 	0.22517607 
3.15250000 	0.22447191 
3.15500000 	0.22376803 
3.15750000 	0.22306444 
3.16000000 	0.22236112 
3.16250000 	0.22165808 
3.16500000 	0.22095531 
3.16750000 	0.22025283 
3.17000000 	0.21955062 
3.17250000 	0.21884869 
3.17500000 	0.21814703 
3.17750000 	0.21744565 
3.18000000 	0.21674455 
3.18250000 	0.21604372 
3.18500000 	0.21534317 
3.18750000 	0.21464289 
3.19000000 	0.21394289 
3.19250000 	0.21324316 
3.19500000 	0.21254371 
3.19750000 	0.21184453 
3.20000000 	0.21114562 
3.20250000 	0.21044698 
3.20500000 	0.20974862 
3.20750000 	0.20905053 
3.21000000 	0.20835271 
3.21250000 	0.20765517 
3.21500000 	0.20695789 
3.21750000 	0.20626089 
3.22000000 	0.20556416 
3.22250000 	0.20486769 
3.22500000 	0.20417150 
3.22750000 	0.20347558 
3.23000000 	0.20277992 
3.23250000 	0.20208454 
3.23500000 	0.20138943 
3.23750000 	0.20069458 
3.24000000 	0.20000000 
3.24250000 	0.19930569 
3.24500000 	0.19861165 
3.24750000 	0.19791787 
3.25000000 	0.19722436 
3.25250000 	0.19653112 
3.25500000 	0.19583814 
3.25750000 	0.19514544 
3.26000000 	0.19445299 
3.26250000 	0.19376081 
3.26500000 	0.19306890 
3.26750000 	0.19237725 
3.27000000 	0.19168587 
3.27250000 	0.19099475 
3.27500000 	0.19030389 
3.27750000 	0.18961330 
3.28000000 	0.18892297 
3.28250000 	0.18823291 
3.28500000 	0.18754310 
3.28750000 	0.18685356 
3.29000000 	0.18616429 
3.29250000 	0.18547527 
3.29500000 	0.18478651 
3.29750000 	0.18409802 
3.30000000 	0.18340979 
3.30250000 	0.18272182 
3.30500000 	0.18203410 
3.30750000 	0.18134665 
3.31000000 	0.18065946 
3.31250000 	0.17997253 
3.31500000 	0.17928585 
3.31750000 	0.17859944 
3.32000000 	0.17791328 
3.32250000 	0.17722739 
3.32500000 	0.17654175 
3.32750000 	0.17585637 
3.33000000 	0.17517124 
3.33250000 	0.17448637 
3.33500000 	0.17380176 
3.33750000 	0.17311741 
3.34000000 	0.17243331 
3.34250000 	0.17174947 
3.34500000 	0.17106588 
3.34750000 	0.17038255 
3.35000000 	0.16969948 
3.35250000 	0.16901666 
3.35500000 	0.16833409 
3.35750000 	0.16765178 
3.36000000 	0.16696972 
3.36250000 	0.16628792 
3.36500000 	0.16560637 
3.36750000 	0.16492507 
3.37000000 	0.16424402 
3.37250000 	0.16356323 
3.37500000 	0.16288269 
3.37750000 	0.16220241 
3.38000000 	0.16152237 
3.38250000 	0.16084258 
3.38500000 	0.16016305 
3.38750000 	0.15948377 
3.39000000 	0.15880474 
3.39250000 	0.15812595 
3.39500000 	0.15744742 
3.39750000 	0.15676914 
3.40000000 	0.15609111 
3.40250000 	0.15541333 
3.40500000 	0.15473579 
3.40750000 	0.15405851 
3.41000000 	0.15338147 
3.41250000 	0.15270468 
3.41500000 	0.15202814 
3.41750000 	0.15135185 
3.42000000 	0.15067580 
3.42250000 	0.15000000 
3.42500000 	0.14932445 
3.42750000 	0.14864914 
3.43000000 	0.14797408 
3.43250000 	0.14729927 
3.43500000 	0.14662470 
3.43750000 	0.14595038 
3.44000000 	0.14527630 
3.44250000 	0.14460247 
3.44500000 	0.14392888 
3.44750000 	0.14325554 
3.45000000 	0.14258244 
3.45250000 	0.14190958 
3.45500000 	0.14123697 
3.45750000 	0.14056460 
3.46000000 	0.13989248 
3.46250000 	0.13922059 
3.46500000 	0.13854895 
3.46750000 	0.13787756 
3.47000000 	0.13720640 
3.47250000 	0.13653548 
3.47500000 	0.13586481 
3.47750000 	0.13519438 
3.48000000 	0.13452419 
3.48250000 	0.13385424 
3.48500000 	0.13318453 
3.48750000 	0.13251506 
3.49000000 	0.13184583 
3.49250000 	0.13117684 
3.49500000 	0.13050809 
3.49750000 	0.12983958 
3.50000000 	0.12917131 
3.50250000 	0.12850327 
3.50500000 	0.12783548 
3.50750000 	0.12716792 
3.51000000 	0.12650060 
3.51250000 	0.12583352 
3.51500000 	0.12516667 
3.51750000 	0.12450007 
3.52000000 	0.12383370 
3.52250000 	0.12316756 
3.52500000 	0.12250166 
3.52750000 	0.12183600 
3.53000000 	0.12117058 
3.53250000 	0.12050539 
3.53500000 	0.11984043 
3.53750000 	0.11917571 
3.54000000 	0.11851123 
3.54250000 	0.11784698 
3.54500000 	0.11718296 
3.54750000 	0.11651918 
3.55000000 	0.11585563 
3.55250000 	0.11519232 
3.55500000 	0.11452924 
3.55750000 	0.11386639 
3.56000000 	0.11320377 
3.56250000 	0.11254139 
3.56500000 	0.11187924 
3.56750000 	0.11121732 
3.57000000 	0.11055564 
3.57250000 	0.10989418 
3.57500000 	0.10923296 
3.57750000 	0.10857197 
3.58000000 	0.10791121 
3.58250000 	0.10725068 
3.58500000 	0.10659038 
3.58750000 	0.10593031 
3.59000000 	0.10527047 
3.59250000 	0.10461086 
3.59500000 	0.10395148 
3.59750000 	0.10329233 
3.60000000 	0.10263340 
3.60250000 	0.10197471 
3.60500000 	0.10131625 
3.60750000 	0.10065801 
3.61000000 	0.10000000 
3.61250000 	0.09934222 
3.61500000 	0.09868467 
3.61750000 	0.09802734 
3.62000000 	0.09737024 
3.62250000 	0.09671337 
3.62500000 	0.09605672 
3.62750000 	0.09540030 
3.63000000 	0.09474411 
3.63250000 	0.09408814 
3.63500000 	0.09343240 
3.63750000 	0.09277689 
3.64000000 	0.09212160 
3.64250000 	0.09146653 
3.64500000 	0.09081169 
3.64750000 	0.09015707 
3.65000000 	0.08950268 
3.65250000 	0.08884851 
3.65500000 	0.08819457 
3.65750000 	0.08754085 
3.66000000 	0.08688735 
3.66250000 	0.08623408 
3.66500000 	0.08558103 
3.66750000 	0.08492820 
3.67000000 	0.08427559 
3.67250000 	0.08362321 
3.67500000 	0.08297105 
3.67750000 	0.08231911 
3.68000000 	0.08166739 
3.68250000 	0.08101589 
3.68500000 	0.08036462 
3.68750000 	0.07971356 
3.69000000 	0.07906273 
3.69250000 	0.07841211 
3.69500000 	0.07776172 
3.69750000 	0.07711155 
3.70000000 	0.07646159 
3.70250000 	0.07581186 
3.70500000 	0.07516234 
3.70750000 	0.07451305 
3.71000000 	0.07386397 
3.71250000 	0.07321511 
3.71500000 	0.07256647 
3.71750000 	0.07191805 
3.72000000 	0.07126985 
3.72250000 	0.07062186 
3.72500000 	0.06997409 
3.72750000 	0.06932654 
3.73000000 	0.06867921 
3.73250000 	0.06803209 
3.73500000 	0.06738519 
3.73750000 	0.06673851 
3.74000000 	0.06609204 
3.74250000 	0.06544579 
3.74500000 	0.06479975 
3.74750000 	0.06415393 
3.75000000 	0.06350833 
3.75250000 	0.06286294 
3.75500000 	0.06221776 
3.75750000 	0.06157280 
3.76000000 	0.06092806 
3.76250000 	0.06028353 
3.76500000 	0.05963921 
3.76750000 	0.05899511 
3.77000000 	0.05835122 
3.77250000 	0.05770754 
3.77500000 	0.05706408 
3.77750000 	0.05642083 
3.78000000 	0.05577779 
3.78250000 	0.05513497 
3.78500000 	0.05449235 
3.78750000 	0.05384995 
3.79000000 	0.05320777 
3.79250000 	0.05256579 
3.79500000 	0.05192403 
3.79750000 	0.05128247 
3.80000000 	0.05064113 
3.80250000 	0.05000000 
3.80500000 	0.04935908 
3.80750000 	0.04871837 
3.81000000 	0.04807787 
3.81250000 	0.04743758 
3.81500000 	0.04679750 
3.81750000 	0.04615763 
3.82000000 	0.04551797 
3.82250000 	0.04487852 
3.82500000 	0.04423928 
3.82750000 	0.04360025 
3.83000000 	0.04296142 
3.83250000 	0.04232280 
3.83500000 	0.04168440 
3.83750000 	0.04104620 
3.84000000 	0.04040821 
3.84250000 	0.03977042 
3.84500000 	0.03913284 
3.84750000 	0.03849548 
3.85000000 	0.03785831 
3.85250000 	0.03722136 
3.85500000 	0.03658461 
3.85750000 	0.03594807 
3.86000000 	0.03531173 
3.86250000 	0.03467560 
3.86500000 	0.03403967 
3.86750000 	0.03340396 
3.87000000 	0.03276844 
3.87250000 	0.03213313 
3.87500000 	0.03149803 
3.87750000 	0.03086313 
3.88000000 	0.03022844 
3.88250000 	0.02959395 
3.88500000 	0.02895967 
3.88750000 	0.02832558 
3.89000000 	0.02769171 
3.89250000 	0.02705803 
3.89500000 	0.02642456 
3.89750000 	0.02579130 
3.90000000 	0.02515823 
3.90250000 	0.02452537 
3.90500000 	0.02389272 
3.90750000 	0.02326026 
3.91000000 	0.02262801 
3.91250000 	0.02199596 
3.91500000 	0.02136411 
3.91750000 	0.02073246 
3.92000000 	0.02010101 
3.92250000 	0.01946977 
3.92500000 	0.01883872 
3.92750000 	0.01820788 
3.93000000 	0.01757724 
3.93250000 	0.01694680 
3.93500000 	0.01631656 
3.93750000 	0.01568652 
3.94000000 	0.01505668 
3.94250000 	0.01442703 
3.94500000 	0.01379759 
3.94750000 	0.01316835 
3.95000000 	0.01253931 
3.95250000 	0.01191046 
3.95500000 	0.01128182 
3.95750000 	0.01065337 
3.96000000 	0.01002513 
3.96250000 	0.00939708 
3.96500000 	0.00876922 
3.96750000 	0.00814157 
3.97000000 	0.00751412 
3.97250000 	0.00688686 
3.97500000 	0.00625980 
3.97750000 	0.00563293 
3.98000000 	0.00500627 
3.98250000 	0.00437980 
3.98500000 	0.00375352 
3.98750000 	0.00312745 
3.99000000 	0.00250156 
3.99250000 	0.00187588 
3.99500000 	0.00125039 
3.99750000 	0.00062510 
4.00000000 	0.00000000 
4.00250000 	-0.00062490 
4.00500000 	-0.00124961 
4.00750000 	-0.00187412 
4.01000000 	-0.00249844 
4.01250000 	-0.00312256 
4.01500000 	-0.00374649 
4.01750000 	-0.00437023 
4.02000000 	-0.00499377 
4.02250000 	-0.00561711 
4.02500000 	-0.00624026 
4.02750000 	-0.00686322 
4.03000000 	-0.00748599 
4.03250000 	-0.00810856 
4.03500000 	-0.00873094 
4.03750000 	-0.00935313 
4.04000000 	-0.00997512 
4.04250000 	-0.01059693 
4.04500000 	-0.01121854 
4.04750000 	-0.01183995 
4.05000000 	-0.01246118 
4.05250000 	-0.01308221 
4.05500000 	-0.01370306 
4.05750000 	-0.01432371 
4.06000000 	-0.01494417 
4.06250000 	-0.01556444 
4.06500000 	-0.01618452 
4.06750000 	-0.01680440 
4.07000000 	-0.01742410 
4.07250000 	-0.01804361 
4.07500000 	-0.01866292 
4.07750000 	-0.01928205 
4.08000000 	-0.01990099 
4.08250000 	-0.02051974 
4.08500000 	-0.02113829 
4.08750000 	-0.02175666 
4.09000000 	-0.02237484 
4.09250000 	-0.02299283 
4.09500000 	-0.02361063 
4.09750000 	-0.02422825 
4.10000000 	-0.02484567 
4.10250000 	-0.02546291 
4.10500000 	-0.02607996 
4.10750000 	-0.02669682 
4.11000000 	-0.02731349 
4.11250000 	-0.02792998 
4.11500000 	-0.02854628 
4.11750000 	-0.02916239 
4.12000000 	-0.02977831 
4.12250000 	-0.03039405 
4.12500000 	-0.03100960 
4.12750000 	-0.03162497 
4.13000000 	-0.03224014 
4.13250000 	-0.03285514 
4.13500000 	-0.03346994 
4.13750000 	-0.03408456 
4.14000000 	-0.03469899 
4.14250000 	-0.03531324 
4.14500000 	-0.03592731 
4.14750000 	-0.03654119 
4.15000000 	-0.03715488 
4.15250000 	-0.03776839 
4.15500000 	-0.03838171 
4.15750000 	-0.03899485 
4.16000000 	-0.03960781 
4.16250000 	-0.04022058 
4.16500000 	-0.04083316 
4.16750000 	-0.04144557 
4.17000000 	-0.04205779 
4.17250000 	-0.04266982 
4.17500000 	-0.04328167 
4.17750000 	-0.04389334 
4.18000000 	-0.04450483 
4.18250000 	-0.04511613 
4.18500000 	-0.04572725 
4.18750000 	-0.04633819 
4.19000000 	-0.04694895 
4.19250000 	-0.04755952 
4.19500000 	-0.04816991 
4.19750000 	-0.04878012 
4.20000000 	-0.04939015 
4.20250000 	-0.05000000 
4.20500000 	-0.05060967 
4.20750000 	-0.05121915 
4.21000000 	-0.05182845 
4.21250000 	-0.05243758 
4.21500000 	-0.05304652 
4.21750000 	-0.05365528 
4.22000000 	-0.05426386 
4.22250000 	-0.05487226 
4.22500000 	-0.05548048 
4.22750000 	-0.05608852 
4.23000000 	-0.05669638 
4.23250000 	-0.05730406 
4.23500000 	-0.05791156 
4.23750000 	-0.05851889 
4.24000000 	-0.05912603 
4.24250000 	-0.05973299 
4.24500000 	-0.06033978 
4.24750000 	-0.06094638 
4.25000000 	-0.06155281 
4.25250000 	-0.06215906 
4.25500000 	-0.06276513 
4.25750000 	-0.06337103 
4.26000000 	-0.06397674 
4.26250000 	-0.06458228 
4.26500000 	-0.06518764 
4.26750000 	-0.06579283 
4.27000000 	-0.06639783 
4.27250000 	-0.06700266 
4.27500000 	-0.06760731 
4.27750000 	-0.06821179 
4.28000000 	-0.06881609 
4.28250000 	-0.06942021 
4.28500000 	-0.07002415 
4.28750000 	-0.07062792 
4.29000000 	-0.07123152 
4.29250000 	-0.07183494 
4.29500000 	-0.07243818 
4.29750000 	-0.07304124 
4.30000000 	-0.07364414 
4.30250000 	-0.07424685 
4.30500000 	-0.07484939 
4.30750000 	-0.07545176 
4.31000000 	-0.07605395 
4.31250000 	-0.07665597 
4.31500000 	-0.07725781 
4.31750000 	-0.07785948 
4.32000000 	-0.07846097 
4.32250000 	-0.07906229 
4.32500000 	-0.07966343 
4.32750000 	-0.08026441 
4.33000000 	-0.08086520 
4.33250000 	-0.08146583 
4.33500000 	-0.08206628 
4.33750000 	-0.08266656 
4.34000000 	-0.08326667 
4.34250000 	-0.08386660 
4.34500000 	-0.08446636 
4.34750000 	-0.08506595 
4.35000000 	-0.08566536 
4.35250000 	-0.08626460 
4.35500000 	-0.08686368 
4.35750000 	-0.08746257 
4.36000000 	-0.08806130 
4.36250000 	-0.08865986 
4.36500000 	-0.08925824 
4.36750000 	-0.08985645 
4.37000000 	-0.09045450 
4.37250000 	-0.09105237 
4.37500000 	-0.09165007 
4.37750000 	-0.09224760 
4.38000000 	-0.09284495 
4.38250000 	-0.09344214 
4.38500000 	-0.09403916 
4.38750000 	-0.09463601 
4.39000000 	-0.09523268 
4.39250000 	-0.09582919 
4.39500000 	-0.09642553 
4.39750000 	-0.09702170 
4.40000000 	-0.09761770 
4.40250000 	-0.09821353 
4.40500000 	-0.09880919 
4.40750000 	-0.09940468 
4.41000000 	-0.10000000 
4.41250000 	-0.10059515 
4.41500000 	-0.10119014 
4.41750000 	-0.10178496 
4.42000000 	-0.10237960 
4.42250000 	-0.10297408 
4.42500000 	-0.10356840 
4.42750000 	-0.10416254 
4.43000000 	-0.10475652 
4.43250000 	-0.10535033 
4.43500000 	-0.10594397 
4.43750000 	-0.10653744 
4.44000000 	-0.10713075 
4.44250000 	-0.10772389 
4.44500000 	-0.10831686 
4.44750000 	-0.10890967 
4.45000000 	-0.10950231 
4.45250000 	-0.11009478 
4.45500000 	-0.11068709 
4.45750000 	-0.11127923 
4.46000000 	-0.11187121 
4.46250000 	-0.11246302 
4.46500000 	-0.11305466 
4.46750000 	-0.11364614 
4.47000000 	-0.11423745 
4.47250000 	-0.11482860 
4.47500000 	-0.11541958 
4.47750000 	-0.11601040 
4.48000000 	-0.11660105 
4.48250000 	-0.11719154 
4.48500000 	-0.11778186 
4.48750000 	-0.11837202 
4.49000000 	-0.11896201 
4.49250000 	-0.11955184 
4.49500000 	-0.12014150 
4.49750000 	-0.12073101 
4.50000000 	-0.12132034 
4.50250000 	-0.12190952 
4.50500000 	-0.12249853 
4.50750000 	-0.12308737 
4.51000000 	-0.12367606 
4.51250000 	-0.12426458 
4.51500000 	-0.12485294 
4.51750000 	-0.12544113 
4.52000000 	-0.12602916 
4.52250000 	-0.12661703 
4.52500000 	-0.12720474 
4.52750000 	-0.12779228 
4.53000000 	-0.12837967 
4.53250000 	-0.12896689 
4.53500000 	-0.12955394 
4.53750000 	-0.13014084 
4.54000000 	-0.13072758 
4.54250000 	-0.13131415 
4.54500000 	-0.13190056 
4.54750000 	-0.13248681 
4.55000000 	-0.13307290 
4.55250000 	-0.13365883 
4.55500000 	-0.13424460 
4.55750000 	-0.13483020 
4.56000000 	-0.13541565 
4.56250000 	-0.13600094 
4.56500000 	-0.13658606 
4.56750000 	-0.13717103 
4.57000000 	-0.13775583 
4.57250000 	-0.13834048 
4.57500000 	-0.13892496 
4.57750000 	-0.13950929 
4.58000000 	-0.14009346 
4.58250000 	-0.14067746 
4.58500000 	-0.14126131 
4.58750000 	-0.14184500 
4.59000000 	-0.14242853 
4.59250000 	-0.14301190 
4.59500000 	-0.14359511 
4.59750000 	-0.14417816 
4.60000000 	-0.14476106 
4.60250000 	-0.14534380 
4.60500000 	-0.14592637 
4.60750000 	-0.14650879 
4.61000000 	-0.14709106 
4.61250000 	-0.14767316 
4.61500000 	-0.14825511 
4.61750000 	-0.14883689 
4.62000000 	-0.14941853 
4.62250000 	-0.15000000 
4.62500000 	-0.15058132 
4.62750000 	-0.15116248 
4.63000000 	-0.15174348 
4.63250000 	-0.15232433 
4.63500000 	-0.15290501 
4.63750000 	-0.15348555 
4.64000000 	-0.15406592 
4.64250000 	-0.15464614 
4.64500000 	-0.15522621 
4.64750000 	-0.15580611 
4.65000000 	-0.15638587 
4.65250000 	-0.15696546 
4.65500000 	-0.15754490 
4.65750000 	-0.15812419 
4.66000000 	-0.15870331 
4.66250000 	-0.15928229 
4.66500000 	-0.15986111 
4.66750000 	-0.16043977 
4.67000000 	-0.16101828 
4.67250000 	-0.16159663 
4.67500000 	-0.16217483 
4.67750000 	-0.16275288 
4.68000000 	-0.16333077 
4.68250000 	-0.16390850 
4.68500000 	-0.16448608 
4.68750000 	-0.16506351 
4.69000000 	-0.16564078 
4.69250000 	-0.16621790 
4.69500000 	-0.16679487 
4.69750000 	-0.16737168 
4.70000000 	-0.16794834 
4.70250000 	-0.16852484 
4.70500000 	-0.16910120 
4.70750000 	-0.16967740 
4.71000000 	-0.17025344 
4.71250000 	-0.17082933 
4.71500000 	-0.17140508 
4.71750000 	-0.17198066 
4.72000000 	-0.17255610 
4.72250000 	-0.17313138 
4.72500000 	-0.17370651 
4.72750000 	-0.17428149 
4.73000000 	-0.17485632 
4.73250000 	-0.17543099 
4.73500000 	-0.17600551 
4.73750000 	-0.17657989 
4.74000000 	-0.17715411 
4.74250000 	-0.17772817 
4.74500000 	-0.17830209 
4.74750000 	-0.17887586 
4.75000000 	-0.17944947 
4.75250000 	-0.18002294 
4.75500000 	-0.18059625 
4.75750000 	-0.18116941 
4.76000000 	-0.18174242 
4.76250000 	-0.18231528 
4.76500000 	-0.18288800 
4.76750000 	-0.18346056 
4.77000000 	-0.18403297 
4.77250000 	-0.18460523 
4.77500000 	-0.18517734 
4.77750000 	-0.18574930 
4.78000000 	-0.18632111 
4.78250000 	-0.18689277 
4.78500000 	-0.18746429 
4.78750000 	-0.18803565 
4.79000000 	-0.18860686 
4.79250000 	-0.18917793 
4.79500000 	-0.18974884 
4.79750000 	-0.19031961 
4.80000000 	-0.19089023 
4.80250000 	-0.19146070 
4.80500000 	-0.19203102 
4.80750000 	-0.19260119 
4.81000000 	-0.19317122 
4.81250000 	-0.19374110 
4.81500000 	-0.19431083 
4.81750000 	-0.19488041 
4.82000000 	-0.19544984 
4.82250000 	-0.19601913 
4.82500000 	-0.19658826 
4.82750000 	-0.19715725 
4.83000000 	-0.19772610 
4.83250000 	-0.19829479 
4.83500000 	-0.19886334 
4.83750000 	-0.19943174 
4.84000000 	-0.20000000 
4.84250000 	-0.20056811 
4.84500000 	-0.20113607 
4.84750000 	-0.20170389 
4.85000000 	-0.20227155 
4.85250000 	-0.20283908 
4.85500000 	-0.20340645 
4.85750000 	-0.20397368 
4.86000000 	-0.20454077 
4.86250000 	-0.20510771 
4.86500000 	-0.20567450 
4.86750000 	-0.20624115 
4.87000000 	-0.20680765 
4.87250000 	-0.20737401 
4.87500000 	-0.20794022 
4.87750000 	-0.20850628 
4.88000000 	-0.20907220 
4.88250000 	-0.20963798 
4.88500000 	-0.21020361 
4.88750000 	-0.21076910 
4.89000000 	-0.21133444 
4.89250000 	-0.21189964 
4.89500000 	-0.21246469 
4.89750000 	-0.21302960 
4.90000000 	-0.21359436 
4.90250000 	-0.21415898 
4.90500000 	-0.21472346 
4.90750000 	-0.21528779 
4.91000000 	-0.21585198 
4.91250000 	-0.21641603 
4.91500000 	-0.21697993 
4.91750000 	-0.21754369 
4.92000000 	-0.21810730 
4.92250000 	-0.21867077 
4.92500000 	-0.21923410 
4.92750000 	-0.21979729 
4.93000000 	-0.22036033 
4.93250000 	-0.22092323 
4.93500000 	-0.22148599 
4.93750000 	-0.22204860 
4.94000000 	-0.22261108 
4.94250000 	-0.22317341 
4.94500000 	-0.22373560 
4.94750000 	-0.22429764 
4.95000000 	-0.22485955 
4.95250000 	-0.22542131 
4.95500000 	-0.22598293 
4.95750000 	-0.22654441 
4.96000000 	-0.22710575 
4.96250000 	-0.22766694 
4.96500000 	-0.22822800 
4.96750000 	-0.22878891 
4.97000000 	-0.22934968 
4.97250000 	-0.22991031 
4.97500000 	-0.23047080 
4.97750000 	-0.23103115 
4.98000000 	-0.23159136 
4.98250000 	-0.23215143 
4.98500000 	-0.23271136 
4.98750000 	-0.23327114 
4.99000000 	-0.23383079 
4.99250000 	-0.23439030 
4.99500000 	-0.23494966 
4.99750000 	-0.23550889 
5.00000000 	-0.23606798 