0.00000000 	2.50000000 
0.00250000 	2.45000000 
0.00500000 	2.42928932 
0.00750000 	2.41339746 
0.01000000 	2.40000000 
0.01250000 	2.38819660 
0.01500000 	2.37752551 
0.01750000 	2.36771243 
0.02000000 	2.35857864 
0.02250000 	2.35000000 
0.02500000 	2.34188612 
0.02750000 	2.33416876 
0.03000000 	2.32679492 
0.03250000 	2.31972244 
0.03500000 	2.31291713 
0.03750000 	2.30635083 
0.04000000 	2.30000000 
0.04250000 	2.29384472 
0.04500000 	2.28786797 
0.04750000 	2.28205505 
0.05000000 	2.27639320 
0.05250000 	2.27087122 
0.05500000 	2.26547921 
0.05750000 	2.26020842 
0.06000000 	2.25505103 
0.06250000 	2.25000000 
0.06500000 	2.24504902 
0.06750000 	2.24019238 
0.07000000 	2.23542487 
0.07250000 	2.23074176 
0.07500000 	2.22613872 
0.07750000 	2.22161178 
0.08000000 	2.21715729 
0.08250000 	2.21277187 
0.08500000 	2.20845241 
0.08750000 	2.20419601 
0.09000000 	2.20000000 
0.09250000 	2.19586187 
0.09500000 	2.19177930 
0.09750000 	2.18775010 
0.10000000 	2.18377223 
0.10250000 	2.17984379 
0.10500000 	2.17596297 
0.10750000 	2.17212807 
0.11000000 	2.16833752 
0.11250000 	2.16458980 
0.11500000 	2.16088350 
0.11750000 	2.15721727 
0.12000000 	2.15358984 
0.12250000 	2.15000000 
0.12500000 	2.14644661 
0.12750000 	2.14292858 
0.13000000 	2.13944487 
0.13250000 	2.13599451 
0.13500000 	2.13257654 
0.13750000 	2.12919008 
0.14000000 	2.12583426 
0.14250000 	2.12250828 
0.14500000 	2.11921134 
0.14750000 	2.11594271 
0.15000000 	2.11270167 
0.15250000 	2.10948752 
0.15500000 	2.10629961 
0.15750000 	2.10313730 
0.16000000 	2.10000000 
0.16250000 	2.09688711 
0.16500000 	2.09379808 
0.16750000 	2.09073236 
0.17000000 	2.08768944 
0.17250000 	2.08466881 
0.17500000 	2.08166999 
0.17750000 	2.07869251 
0.18000000 	2.07573593 
0.18250000 	2.07279981 
0.18500000 	2.06988374 
0.18750000 	2.06698730 
0.19000000 	2.06411011 
0.19250000 	2.06125178 
0.19500000 	2.05841196 
0.19750000 	2.05559028 
0.20000000 	2.05278640 
0.20250000 	2.05000000 
0.20500000 	2.04723074 
0.20750000 	2.04447832 
0.21000000 	2.04174243 
0.21250000 	2.03902278 
0.21500000 	2.03631908 
0.21750000 	2.03363105 
0.22000000 	2.03095842 
0.22250000 	2.02830094 
0.22500000 	2.02565835 
0.22750000 	2.02303040 
0.23000000 	2.02041685 
0.23250000 	2.01781746 
0.23500000 	2.01523201 
0.23750000 	2.01266028 
0.24000000 	2.01010205 
0.24250000 	2.00755711 
0.24500000 	2.00502525 
0.24750000 	2.00250628 
0.25000000 	2.00000000 
0.25250000 	1.99750622 
0.25500000 	1.99502475 
0.25750000 	1.99255542 
0.26000000 	1.99009805 
0.26250000 	1.98765246 
0.26500000 	1.98521849 
0.26750000 	1.98279598 
0.27000000 	1.98038476 
0.27250000 	1.97798467 
0.27500000 	1.97559558 
0.27750000 	1.97321731 
0.28000000 	1.97084974 
0.28250000 	1.96849271 
0.28500000 	1.96614609 
0.28750000 	1.96380974 
0.29000000 	1.96148352 
0.29250000 	1.95916731 
0.29500000 	1.95686098 
0.29750000 	1.95456439 
0.30000000 	1.95227744 
0.30250000 	1.95000000 
0.30500000 	1.94773195 
0.30750000 	1.94547317 
0.31000000 	1.94322356 
0.31250000 	1.94098301 
0.31500000 	1.93875139 
0.31750000 	1.93652862 
0.32000000 	1.93431458 
0.32250000 	1.93210917 
0.32500000 	1.92991229 
0.32750000 	1.92772384 
0.33000000 	1.92554374 
0.33250000 	1.92337187 
0.33500000 	1.92120815 
0.33750000 	1.91905250 
0.34000000 	1.91690481 
0.34250000 	1.91476500 
0.34500000 	1.91263299 
0.34750000 	1.91050869 
0.35000000 	1.90839202 
0.35250000 	1.90628290 
0.35500000 	1.90418124 
0.35750000 	1.90208696 
0.36000000 	1.90000000 
0.36250000 	1.89792027 
0.36500000 	1.89584770 
0.36750000 	1.89378222 
0.37000000 	1.89172375 
0.37250000 	1.88967222 
0.37500000 	1.88762756 
0.37750000 	1.88558971 
0.38000000 	1.88355860 
0.38250000 	1.88153416 
0.38500000 	1.87951632 
0.38750000 	1.87750502 
0.39000000 	1.87550020 
0.39250000 	1.87350180 
0.39500000 	1.87150975 
0.39750000 	1.86952399 
0.40000000 	1.86754447 
0.40250000 	1.86557112 
0.40500000 	1.86360390 
0.40750000 	1.86164273 
0.41000000 	1.85968758 
0.41250000 	1.85773837 
0.41500000 	1.85579506 
0.41750000 	1.85385760 
0.42000000 	1.85192593 
0.42250000 	1.85000000 
0.42500000 	1.84807976 
0.42750000 	1.84616516 
0.43000000 	1.84425615 
0.43250000 	1.84235268 
0.43500000 	1.84045470 
0.43750000 	1.83856217 
0.44000000 	1.83667504 
0.44250000 	1.83479327 
0.44500000 	1.83291680 
0.44750000 	1.83104559 
0.45000000 	1.82917961 
0.45250000 	1.82731880 
0.45500000 	1.82546312 
0.45750000 	1.82361254 
0.46000000 	1.82176700 
0.46250000 	1.81992647 
0.46500000 	1.81809092 
0.46750000 	1.81626028 
0.47000000 	1.81443454 
0.47250000 	1.81261365 
0.47500000 	1.81079756 
0.47750000 	1.80898625 
0.48000000 	1.80717968 
0.48250000 	1.80537780 
0.48500000 	1.80358059 
0.48750000 	1.80178800 
0.49000000 	1.80000000 
0.49250000 	1.79821656 
0.49500000 	1.79643764 
0.49750000 	1.79466320 
0.50000000 	1.79289322 
0.50250000 	1.79112766 
0.50500000 	1.78936648 
0.50750000 	1.78760966 
0.51000000 	1.78585716 
0.51250000 	1.78410895 
0.51500000 	1.78236500 
0.51750000 	1.78062527 
0.52000000 	1.77888974 
0.52250000 	1.77715839 
0.52500000 	1.77543116 
0.52750000 	1.77370805 
0.53000000 	1.77198901 
0.53250000 	1.77027402 
0.53500000 	1.76856306 
0.53750000 	1.76685609 
0.54000000 	1.76515308 
0.54250000 	1.76345401 
0.54500000 	1.76175885 
0.54750000 	1.76006757 
0.55000000 	1.75838015 
0.55250000 	1.75669656 
0.55500000 	1.75501678 
0.55750000 	1.75334077 
0.56000000 	1.75166852 
0.56250000 	1.75000000 
0.56500000 	1.74833518 
0.56750000 	1.74667404 
0.57000000 	1.74501656 
0.57250000 	1.74336270 
0.57500000 	1.74171246 
0.57750000 	1.74006579 
0.58000000 	1.73842269 
0.58250000 	1.73678312 
0.58500000 	1.73514707 
0.58750000 	1.73351451 
0.59000000 	1.73188543 
0.59250000 	1.73025978 
0.59500000 	1.72863757 
0.59750000 	1.72701876 
0.60000000 	1.72540333 
0.60250000 	1.72379127 
0.60500000 	1.72218254 
0.60750000 	1.72057714 
0.61000000 	1.71897503 
0.61250000 	1.71737621 
0.61500000 	1.71578064 
0.61750000 	1.71418832 
0.62000000 	1.71259921 
0.62250000 	1.71101331 
0.62500000 	1.70943058 
0.62750000 	1.70785102 
0.63000000 	1.70627461 
0.63250000 	1.70470131 
0.63500000 	1.70313113 
0.63750000 	1.70156403 
0.64000000 	1.70000000 
0.64250000 	1.69843902 
0.64500000 	1.69688108 
0.64750000 	1.69532615 
0.65000000 	1.69377423 
0.65250000 	1.69222528 
0.65500000 	1.69067930 
0.65750000 	1.68913626 
0.66000000 	1.68759616 
0.66250000 	1.68605897 
0.66500000 	1.68452468 
0.66750000 	1.68299327 
0.67000000 	1.68146472 
0.67250000 	1.67993903 
0.67500000 	1.67841616 
0.67750000 	1.67689612 
0.68000000 	1.67537887 
0.68250000 	1.67386442 
0.68500000 	1.67235273 
0.68750000 	1.67084380 
0.69000000 	1.66933761 
0.69250000 	1.66783415 
0.69500000 	1.66633340 
0.69750000 	1.66483535 
0.70000000 	1.66333997 
0.70250000 	1.66184727 
0.70500000 	1.66035722 
0.70750000 	1.65886981 
0.71000000 	1.65738502 
0.71250000 	1.65590285 
0.71500000 	1.65442327 
0.71750000 	1.65294628 
0.72000000 	1.65147186 
0.72250000 	1.65000000 
0.72500000 	1.64853068 
0.72750000 	1.64706389 
0.73000000 	1.64559963 
0.73250000 	1.64413786 
0.73500000 	1.64267859 
0.73750000 	1.64122180 
0.74000000 	1.63976747 
0.74250000 	1.63831560 
0.74500000 	1.63686617 
0.74750000 	1.63541918 
0.75000000 	1.63397460 
0.75250000 	1.63253242 
0.75500000 	1.63109264 
0.75750000 	1.62965524 
0.76000000 	1.62822021 
0.76250000 	1.62678754 
0.76500000 	1.62535722 
0.76750000 	1.62392923 
0.77000000 	1.62250356 
0.77250000 	1.62108021 
0.77500000 	1.61965916 
0.77750000 	1.61824040 
0.78000000 	1.61682391 
0.78250000 	1.61540970 
0.78500000 	1.61399774 
0.78750000 	1.61258803 
0.79000000 	1.61118056 
0.79250000 	1.60977531 
0.79500000 	1.60837227 
0.79750000 	1.60697145 
0.80000000 	1.60557281 
0.80250000 	1.60417636 
0.80500000 	1.60278208 
0.80750000 	1.60138996 
0.81000000 	1.60000000 
0.81250000 	1.59861218 
0.81500000 	1.59722650 
0.81750000 	1.59584293 
0.82000000 	1.59446149 
0.82250000 	1.59308214 
0.82500000 	1.59170489 
0.82750000 	1.59032973 
0.83000000 	1.58895664 
0.83250000 	1.58758562 
0.83500000 	1.58621666 
0.83750000 	1.58484974 
0.84000000 	1.58348486 
0.84250000 	1.58212201 
0.84500000 	1.58076118 
0.84750000 	1.57940237 
0.85000000 	1.57804555 
0.85250000 	1.57669073 
0.85500000 	1.57533790 
0.85750000 	1.57398704 
0.86000000 	1.57263815 
0.86250000 	1.57129122 
0.86500000 	1.56994624 
0.86750000 	1.56860320 
0.87000000 	1.56726209 
0.87250000 	1.56592292 
0.87500000 	1.56458565 
0.87750000 	1.56325030 
0.88000000 	1.56191685 
0.88250000 	1.56058529 
0.88500000 	1.55925561 
0.88750000 	1.55792782 
0.89000000 	1.55660189 
0.89250000 	1.55527782 
0.89500000 	1.55395560 
0.89750000 	1.55263523 
0.90000000 	1.55131670 
0.90250000 	1.55000000 
0.90500000 	1.54868512 
0.90750000 	1.54737206 
0.91000000 	1.54606080 
0.91250000 	1.54475134 
0.91500000 	1.54344368 
0.91750000 	1.54213780 
0.92000000 	1.54083370 
0.92250000 	1.53953136 
0.92500000 	1.53823080 
0.92750000 	1.53693199 
0.93000000 	1.53563492 
0.93250000 	1.53433960 
0.93500000 	1.53304602 
0.93750000 	1.53175416 
0.94000000 	1.53046403 
0.94250000 	1.52917561 
0.94500000 	1.52788890 
0.94750000 	1.52660388 
0.95000000 	1.52532057 
0.95250000 	1.52403894 
0.95500000 	1.52275899 
0.95750000 	1.52148071 
0.96000000 	1.52020410 
0.96250000 	1.51892916 
0.96500000 	1.51765586 
0.96750000 	1.51638422 
0.97000000 	1.51511422 
0.97250000 	1.51384585 
0.97500000 	1.51257912 
0.97750000 	1.51131400 
0.98000000 	1.51005051 
0.98250000 	1.50878862 
0.98500000 	1.50752834 
0.98750000 	1.50626965 
0.99000000 	1.50501256 
0.99250000 	1.50375706 
0.99500000 	1.50250313 
0.99750000 	1.50125078 
1.00000000 	1.50000000 
1.00250000 	1.49875078 
1.00500000 	1.49750312 
1.00750000 	1.49625701 
1.01000000 	1.49501244 
1.01250000 	1.49376941 
1.01500000 	1.49252792 
1.01750000 	1.49128795 
1.02000000 	1.49004951 
1.02250000 	1.48881258 
1.02500000 	1.48757716 
1.02750000 	1.48634325 
1.03000000 	1.48511084 
1.03250000 	1.48387993 
1.03500000 	1.48265050 
1.03750000 	1.48142256 
1.04000000 	1.48019610 
1.04250000 	1.47897111 
1.04500000 	1.47774758 
1.04750000 	1.47652553 
1.05000000 	1.47530492 
1.05250000 	1.47408577 
1.05500000 	1.47286807 
1.05750000 	1.47165181 
1.06000000 	1.47043699 
1.06250000 	1.46922359 
1.06500000 	1.46801163 
1.06750000 	1.46680108 
1.07000000 	1.46559196 
1.07250000 	1.46438424 
1.07500000 	1.46317793 
1.07750000 	1.46197303 
1.08000000 	1.46076952 
1.08250000 	1.45956740 
1.08500000 	1.45836667 
1.08750000 	1.45716732 
1.09000000 	1.45596935 
1.09250000 	1.45477275 
1.09500000 	1.45357752 
1.09750000 	1.45238366 
1.10000000 	1.45119115 
1.10250000 	1.45000000 
1.10500000 	1.44881020 
1.10750000 	1.44762174 
1.11000000 	1.44643462 
1.11250000 	1.44524884 
1.11500000 	1.44406440 
1.11750000 	1.44288127 
1.12000000 	1.44169948 
1.12250000 	1.44051899 
1.12500000 	1.43933983 
1.12750000 	1.43816197 
1.13000000 	1.43698542 
1.13250000 	1.43581017 
1.13500000 	1.43463621 
1.13750000 	1.43346355 
1.14000000 	1.43229217 
1.14250000 	1.43112208 
1.14500000 	1.42995327 
1.14750000 	1.42878574 
1.15000000 	1.42761947 
1.15250000 	1.42645447 
1.15500000 	1.42529074 
1.15750000 	1.42412826 
1.16000000 	1.42296704 
1.16250000 	1.42180707 
1.16500000 	1.42064834 
1.16750000 	1.41949086 
1.17000000 	1.41833462 
1.17250000 	1.41717961 
1.17500000 	1.41602583 
1.17750000 	1.41487328 
1.18000000 	1.41372195 
1.18250000 	1.41257184 
1.18500000 	1.41142295 
1.18750000 	1.41027526 
1.19000000 	1.40912879 
1.19250000 	1.40798352 
1.19500000 	1.40683944 
1.19750000 	1.40569657 
1.20000000 	1.40455488 
1.20250000 	1.40341439 
1.20500000 	1.40227508 
1.20750000 	1.40113695 
1.21000000 	1.40000000 
1.21250000 	1.39886422 
1.21500000 	1.39772962 
1.21750000 	1.39659618 
1.22000000 	1.39546390 
1.22250000 	1.39433278 
1.22500000 	1.39320282 
1.22750000 	1.39207401 
1.23000000 	1.39094635 
1.23250000 	1.38981983 
1.23500000 	1.38869446 
1.23750000 	1.38757023 
1.24000000 	1.38644713 
1.24250000 	1.38532516 
1.24500000 	1.38420432 
1.24750000 	1.38308460 
1.25000000 	1.38196601 
1.25250000 	1.38084854 
1.25500000 	1.37973217 
1.25750000 	1.37861693 
1.26000000 	1.37750278 
1.26250000 	1.37638975 
1.26500000 	1.37527781 
1.26750000 	1.37416698 
1.27000000 	1.37305723 
1.27250000 	1.37194858 
1.27500000 	1.37084102 
1.27750000 	1.36973454 
1.28000000 	1.36862915 
1.28250000 	1.36752483 
1.28500000 	1.36642160 
1.28750000 	1.36531943 
1.29000000 	1.36421833 
1.29250000 	1.36311830 
1.29500000 	1.36201933 
1.29750000 	1.36092143 
1.30000000 	1.35982457 
1.30250000 	1.35872878 
1.30500000 	1.35763403 
1.30750000 	1.35654034 
1.31000000 	1.35544769 
1.31250000 	1.35435608 
1.31500000 	1.35326551 
1.31750000 	1.35217597 
1.32000000 	1.35108747 
1.32250000 	1.35000000 
1.32500000 	1.34891356 
1.32750000 	1.34782814 
1.33000000 	1.34674374 
1.33250000 	1.34566036 
1.33500000 	1.34457800 
1.33750000 	1.34349665 
1.34000000 	1.34241631 
1.34250000 	1.34133698 
1.34500000 	1.34025865 
1.34750000 	1.33918132 
1.35000000 	1.33810500 
1.35250000 	1.33702967 
1.35500000 	1.33595533 
1.35750000 	1.33488198 
1.36000000 	1.33380962 
1.36250000 	1.33273825 
1.36500000 	1.33166786 
1.36750000 	1.33059844 
1.37000000 	1.32953001 
1.37250000 	1.32846255 
1.37500000 	1.32739606 
1.37750000 	1.32633054 
1.38000000 	1.32526599 
1.38250000 	1.32420240 
1.38500000 	1.32313977 
1.38750000 	1.32207810 
1.39000000 	1.32101739 
1.39250000 	1.31995763 
1.39500000 	1.31889882 
1.39750000 	1.31784096 
1.40000000 	1.31678404 
1.40250000 	1.31572807 
1.40500000 	1.31467304 
1.40750000 	1.31361895 
1.41000000 	1.31256579 
1.41250000 	1.31151357 
1.41500000 	1.31046227 
1.41750000 	1.30941191 
1.42000000 	1.30836247 
1.42250000 	1.30731396 
1.42500000 	1.30626636 
1.42750000 	1.30521969 
1.43000000 	1.30417393 
1.43250000 	1.30312908 
1.43500000 	1.30208514 
1.43750000 	1.30104212 
1.44000000 	1.30000000 
1.44250000 	1.29895879 
1.44500000 	1.29791847 
1.44750000 	1.29687906 
1.45000000 	1.29584054 
1.45250000 	1.29480292 
1.45500000 	1.29376619 
1.45750000 	1.29273035 
1.46000000 	1.29169540 
1.46250000 	1.29066134 
1.46500000 	1.28962816 
1.46750000 	1.28859586 
1.47000000 	1.28756443 
1.47250000 	1.28653389 
1.47500000 	1.28550422 
1.47750000 	1.28447542 
1.48000000 	1.28344749 
1.48250000 	1.28242043 
1.48500000 	1.28139424 
1.48750000 	1.28036891 
1.49000000 	1.27934444 
1.49250000 	1.27832083 
1.49500000 	1.27729807 
1.49750000 	1.27627617 
1.50000000 	1.27525513 
1.50250000 	1.27423493 
1.50500000 	1.27321559 
1.50750000 	1.27219708 
1.51000000 	1.27117943 
1.51250000 	1.27016261 
1.51500000 	1.26914664 
1.51750000 	1.26813150 
1.52000000 	1.26711720 
1.52250000 	1.26610373 
1.52500000 	1.26509110 
1.52750000 	1.26407929 
1.53000000 	1.26306831 
1.53250000 	1.26205816 
1.53500000 	1.26104883 
1.53750000 	1.26004032 
1.54000000 	1.25903264 
1.54250000 	1.25802577 
1.54500000 	1.25701971 
1.54750000 	1.25601447 
1.55000000 	1.25501004 
1.55250000 	1.25400642 
1.55500000 	1.25300361 
1.55750000 	1.25200160 
1.56000000 	1.25100040 
1.56250000 	1.25000000 
1.56500000 	1.24900040 
1.56750000 	1.24800160 
1.57000000 	1.24700359 
1.57250000 	1.24600638 
1.57500000 	1.24500996 
1.57750000 	1.24401433 
1.58000000 	1.24301949 
1.58250000 	1.24202544 
1.58500000 	1.24103217 
1.58750000 	1.24003968 
1.59000000 	1.23904798 
1.59250000 	1.23805705 
1.59500000 	1.23706691 
1.59750000 	1.23607753 
1.60000000 	1.23508894 
1.60250000 	1.23410111 
1.60500000 	1.23311405 
1.60750000 	1.23212777 
1.61000000 	1.23114225 
1.61250000 	1.23015749 
1.61500000 	1.22917350 
1.61750000 	1.22819027 
1.62000000 	1.22720779 
1.62250000 	1.22622608 
1.62500000 	1.22524512 
1.62750000 	1.22426492 
1.63000000 	1.22328547 
1.63250000 	1.22230677 
1.63500000 	1.22132881 
1.63750000 	1.22035161 
1.64000000 	1.21937515 
1.64250000 	1.21839944 
1.64500000 	1.21742447 
1.64750000 	1.21645023 
1.65000000 	1.21547674 
1.65250000 	1.21450399 
1.65500000 	1.21353197 
1.65750000 	1.21256068 
1.66000000 	1.21159013 
1.66250000 	1.21062030 
1.66500000 	1.20965121 
1.66750000 	1.20868284 
1.67000000 	1.20771520 
1.67250000 	1.20674828 
1.67500000 	1.20578209 
1.67750000 	1.20481662 
1.68000000 	1.20385186 
1.68250000 	1.20288782 
1.68500000 	1.20192450 
1.68750000 	1.20096189 
1.69000000 	1.20000000 
1.69250000 	1.19903882 
1.69500000 	1.19807834 
1.69750000 	1.19711858 
1.70000000 	1.19615952 
1.70250000 	1.19520116 
1.70500000 	1.19424351 
1.70750000 	1.19328657 
1.71000000 	1.19233032 
1.71250000 	1.19137477 
1.71500000 	1.19041991 
1.71750000 	1.18946576 
1.72000000 	1.18851230 
1.72250000 	1.18755953 
1.72500000 	1.18660745 
1.72750000 	1.18565606 
1.73000000 	1.18470536 
1.73250000 	1.18375534 
1.73500000 	1.18280601 
1.73750000 	1.18185737 
1.74000000 	1.18090940 
1.74250000 	1.17996212 
1.74500000 	1.17901552 
1.74750000 	1.17806959 
1.75000000 	1.17712434 
1.75250000 	1.17617977 
1.75500000 	1.17523587 
1.75750000 	1.17429264 
1.76000000 	1.17335008 
1.76250000 	1.17240820 
1.76500000 	1.17146697 
1.76750000 	1.17052642 
1.77000000 	1.16958653 
1.77250000 	1.16864730 
1.77500000 	1.16770874 
1.77750000 	1.16677084 
1.78000000 	1.16583359 
1.78250000 	1.16489701 
1.78500000 	1.16396108 
1.78750000 	1.16302580 
1.79000000 	1.16209118 
1.79250000 	1.16115722 
1.79500000 	1.16022390 
1.79750000 	1.15929123 
1.80000000 	1.15835921 
1.80250000 	1.15742784 
1.80500000 	1.15649712 
1.80750000 	1.15556703 
1.81000000 	1.15463760 
1.81250000 	1.15370880 
1.81500000 	1.15278064 
1.81750000 	1.15185312 
1.82000000 	1.15092624 
1.82250000 	1.15000000 
1.82500000 	1.14907439 
1.82750000 	1.14814942 
1.83000000 	1.14722507 
1.83250000 	1.14630136 
1.83500000 	1.14537828 
1.83750000 	1.14445583 
1.84000000 	1.14353400 
1.84250000 	1.14261280 
1.84500000 	1.14169223 
1.84750000 	1.14077228 
1.85000000 	1.13985295 
1.85250000 	1.13893424 
1.85500000 	1.13801615 
1.85750000 	1.13709868 
1.86000000 	1.13618183 
1.86250000 	1.13526559 
1.86500000 	1.13434997 
1.86750000 	1.13343496 
1.87000000 	1.13252057 
1.87250000 	1.13160678 
1.87500000 	1.13069361 
1.87750000 	1.12978104 
1.88000000 	1.12886908 
1.88250000 	1.12795773 
1.88500000 	1.12704698 
1.88750000 	1.12613683 
1.89000000 	1.12522729 
1.89250000 	1.12431835 
1.89500000 	1.12341001 
1.89750000 	1.12250227 
1.90000000 	1.12159512 
1.90250000 	1.12068858 
1.90500000 	1.11978263 
1.90750000 	1.11887727 
1.91000000 	1.11797250 
1.91250000 	1.11706833 
1.91500000 	1.11616475 
1.91750000 	1.11526176 
1.92000000 	1.11435935 
1.92250000 	1.11345754 
1.92500000 	1.11255631 
1.92750000 	1.11165566 
1.93000000 	1.11075560 
1.93250000 	1.10985612 
1.93500000 	1.10895723 
1.93750000 	1.10805891 
1.94000000 	1.10716117 
1.94250000 	1.10626401 
1.94500000 	1.10536743 
1.94750000 	1.10447143 
1.95000000 	1.10357600 
1.95250000 	1.10268114 
1.95500000 	1.10178685 
1.95750000 	1.10089314 
1.96000000 	1.10000000 
1.96250000 	1.09910743 
1.96500000 	1.09821542 
1.96750000 	1.09732399 
1.97000000 	1.09643312 
1.97250000 	1.09554281 
1.97500000 	1.09465307 
1.97750000 	1.09376389 
1.98000000 	1.09287527 
1.98250000 	1.09198722 
1.98500000 	1.09109972 
1.98750000 	1.09021278 
1.99000000 	1.08932640 
1.99250000 	1.08844058 
1.99500000 	1.08755531 
1.99750000 	1.08667060 
2.00000000 	1.08578644 
2.00250000 	1.08490283 
2.00500000 	1.08401977 
2.00750000 	1.08313727 
2.01000000 	1.08225531 
2.01250000 	1.08137390 
2.01500000 	1.08049304 
2.01750000 	1.07961273 
2.02000000 	1.07873296 
2.02250000 	1.07785373 
2.02500000 	1.07697505 
2.02750000 	1.07609691 
2.03000000 	1.07521932 
2.03250000 	1.07434226 
2.03500000 	1.07346574 
2.03750000 	1.07258976 
2.04000000 	1.07171431 
2.04250000 	1.07083941 
2.04500000 	1.06996504 
2.04750000 	1.06909120 
2.05000000 	1.06821789 
2.05250000 	1.06734512 
2.05500000 	1.06647288 
2.05750000 	1.06560117 
2.06000000 	1.06472999 
2.06250000 	1.06385934 
2.06500000 	1.06298921 
2.06750000 	1.06211962 
2.07000000 	1.06125054 
2.07250000 	1.06038200 
2.07500000 	1.05951397 
2.07750000 	1.05864647 
2.08000000 	1.05777949 
2.08250000 	1.05691303 
2.08500000 	1.05604709 
2.08750000 	1.05518167 
2.09000000 	1.05431677 
2.09250000 	1.05345239 
2.09500000 	1.05258852 
2.09750000 	1.05172516 
2.10000000 	1.05086233 
2.10250000 	1.05000000 
2.10500000 	1.04913819 
2.10750000 	1.04827689 
2.11000000 	1.04741610 
2.11250000 	1.04655581 
2.11500000 	1.04569604 
2.11750000 	1.04483678 
2.12000000 	1.04397802 
2.12250000 	1.04311977 
2.12500000 	1.04226203 
2.12750000 	1.04140479 
2.13000000 	1.04054805 
2.13250000 	1.03969181 
2.13500000 	1.03883608 
2.13750000 	1.03798085 
2.14000000 	1.03712612 
2.14250000 	1.03627188 
2.14500000 	1.03541815 
2.14750000 	1.03456491 
2.15000000 	1.03371217 
2.15250000 	1.03285992 
2.15500000 	1.03200817 
2.15750000 	1.03115692 
2.16000000 	1.03030615 
2.16250000 	1.02945588 
2.16500000 	1.02860610 
2.16750000 	1.02775681 
2.17000000 	1.02690801 
2.17250000 	1.02605970 
2.17500000 	1.02521188 
2.17750000 	1.02436454 
2.18000000 	1.02351769 
2.18250000 	1.02267133 
2.18500000 	1.02182545 
2.18750000 	1.02098005 
2.19000000 	1.02013514 
2.19250000 	1.01929071 
2.19500000 	1.01844676 
2.19750000 	1.01760329 
2.20000000 	1.01676030 
2.20250000 	1.01591779 
2.20500000 	1.01507576 
2.20750000 	1.01423420 
2.21000000 	1.01339313 
2.21250000 	1.01255252 
2.21500000 	1.01171239 
2.21750000 	1.01087274 
2.22000000 	1.01003356 
2.22250000 	1.00919485 
2.22500000 	1.00835661 
2.22750000 	1.00751884 
2.23000000 	1.00668155 
2.23250000 	1.00584472 
2.23500000 	1.00500836 
2.23750000 	1.00417247 
2.24000000 	1.00333705 
2.24250000 	1.00250209 
2.24500000 	1.00166759 
2.24750000 	1.00083356 
2.25000000 	1.00000000 
2.25250000 	0.99916690 
2.25500000 	0.99833426 
2.25750000 	0.99750208 
2.26000000 	0.99667036 
2.26250000 	0.99583910 
2.26500000 	0.99500831 
2.26750000 	0.99417797 
2.27000000 	0.99334808 
2.27250000 	0.99251866 
2.27500000 	0.99168969 
2.27750000 	0.99086117 
2.28000000 	0.99003311 
2.28250000 	0.98920551 
2.28500000 	0.98837835 
2.28750000 	0.98755165 
2.29000000 	0.98672540 
2.29250000 	0.98589961 
2.29500000 	0.98507426 
2.29750000 	0.98424936 
2.30000000 	0.98342491 
2.30250000 	0.98260091 
2.30500000 	0.98177735 
2.30750000 	0.98095425 
2.31000000 	0.98013158 
2.31250000 	0.97930937 
2.31500000 	0.97848759 
2.31750000 	0.97766627 
2.32000000 	0.97684538 
2.32250000 	0.97602493 
2.32500000 	0.97520493 
2.32750000 	0.97438537 
2.33000000 	0.97356625 
2.33250000 	0.97274757 
2.33500000 	0.97192932 
2.33750000 	0.97111151 
2.34000000 	0.97029415 
2.34250000 	0.96947721 
2.34500000 	0.96866072 
2.34750000 	0.96784466 
2.35000000 	0.96702903 
2.35250000 	0.96621383 
2.35500000 	0.96539907 
2.35750000 	0.96458475 
2.36000000 	0.96377085 
2.36250000 	0.96295739 
2.36500000 	0.96214435 
2.36750000 	0.96133174 
2.37000000 	0.96051957 
2.37250000 	0.95970782 
2.37500000 	0.95889650 
2.37750000 	0.95808561 
2.38000000 	0.95727514 
2.38250000 	0.95646510 
2.38500000 	0.95565548 
2.38750000 	0.95484629 
2.39000000 	0.95403752 
2.39250000 	0.95322917 
2.39500000 	0.95242125 
2.39750000 	0.95161374 
2.40000000 	0.95080666 
2.40250000 	0.95000000 
2.40500000 	0.94919376 
2.40750000 	0.94838794 
2.41000000 	0.94758253 
2.41250000 	0.94677754 
2.41500000 	0.94597297 
2.41750000 	0.94516882 
2.42000000 	0.94436508 
2.42250000 	0.94356176 
2.42500000 	0.94275885 
2.42750000 	0.94195635 
2.43000000 	0.94115427 
2.43250000 	0.94035260 
2.43500000 	0.93955135 
2.43750000 	0.93875050 
2.44000000 	0.93795006 
2.44250000 	0.93715004 
2.44500000 	0.93635042 
2.44750000 	0.93555122 
2.45000000 	0.93475242 
2.45250000 	0.93395402 
2.45500000 	0.93315604 
2.45750000 	0.93235846 
2.46000000 	0.93156129 
2.46250000 	0.93076452 
2.46500000 	0.92996815 
2.46750000 	0.92917219 
2.47000000 	0.92837664 
2.47250000 	0.92758148 
2.47500000 	0.92678673 
2.47750000 	0.92599238 
2.48000000 	0.92519843 
2.48250000 	0.92440487 
2.48500000 	0.92361172 
2.48750000 	0.92281897 
2.49000000 	0.92202662 
2.49250000 	0.92123466 
2.49500000 	0.92044310 
2.49750000 	0.91965194 
2.50000000 	0.91886117 
2.50250000 	0.91807080 
2.50500000 	0.91728082 
2.50750000 	0.91649124 
2.51000000 	0.91570205 
2.51250000 	0.91491325 
2.51500000 	0.91412485 
2.51750000 	0.91333683 
2.52000000 	0.91254921 
2.52250000 	0.91176198 
2.52500000 	0.91097514 
2.52750000 	0.91018869 
2.53000000 	0.90940263 
2.53250000 	0.90861695 
2.53500000 	0.90783167 
2.53750000 	0.90704677 
2.54000000 	0.90626225 
2.54250000 	0.90547813 
2.54500000 	0.90469439 
2.54750000 	0.90391103 
2.55000000 	0.90312806 
2.55250000 	0.90234547 
2.55500000 	0.90156326 
2.55750000 	0.90078144 
2.56000000 	0.90000000 
2.56250000 	0.89921894 
2.56500000 	0.89843826 
2.56750000 	0.89765796 
2.57000000 	0.89687805 
2.57250000 	0.89609851 
2.57500000 	0.89531935 
2.57750000 	0.89454056 
2.58000000 	0.89376216 
2.58250000 	0.89298413 
2.58500000 	0.89220648 
2.58750000 	0.89142921 
2.59000000 	0.89065231 
2.59250000 	0.88987578 
2.59500000 	0.88909963 
2.59750000 	0.88832385 
2.60000000 	0.88754845 
2.60250000 	0.88677342 
2.60500000 	0.88599876 
2.60750000 	0.88522447 
2.61000000 	0.88445056 
2.61250000 	0.88367701 
2.61500000 	0.88290384 
2.61750000 	0.88213103 
2.62000000 	0.88135859 
2.62250000 	0.88058653 
2.62500000 	0.87981483 
2.62750000 	0.87904349 
2.63000000 	0.87827253 
2.63250000 	0.87750193 
2.63500000 	0.87673169 
2.63750000 	0.87596182 
2.64000000 	0.87519232 
2.64250000 	0.87442318 
2.64500000 	0.87365440 
2.64750000 	0.87288599 
2.65000000 	0.87211794 
2.65250000 	0.87135025 
2.65500000 	0.87058293 
2.65750000 	0.86981596 
2.66000000 	0.86904936 
2.66250000 	0.86828311 
2.66500000 	0.86751723 
2.66750000 	0.86675170 
2.67000000 	0.86598654 
2.67250000 	0.86522173 
2.67500000 	0.86445728 
2.67750000 	0.86369318 
2.68000000 	0.86292945 
2.68250000 	0.86216606 
2.68500000 	0.86140304 
2.68750000 	0.86064037 
2.69000000 	0.85987805 
2.69250000 	0.85911609 
2.69500000 	0.85835448 
2.69750000 	0.85759323 
2.70000000 	0.85683233 
2.70250000 	0.85607178 
2.70500000 	0.85531158 
2.70750000 	0.85455173 
2.71000000 	0.85379224 
2.71250000 	0.85303309 
2.71500000 	0.85227429 
2.71750000 	0.85151585 
2.72000000 	0.85075775 
2.72250000 	0.85000000 
2.72500000 	0.84924260 
2.72750000 	0.84848554 
2.73000000 	0.84772884 
2.73250000 	0.84697247 
2.73500000 	0.84621646 
2.73750000 	0.84546079 
2.74000000 	0.84470546 
2.74250000 	0.84395048 
2.74500000 	0.84319585 
2.74750000 	0.84244155 
2.75000000 	0.84168760 
2.75250000 	0.84093400 
2.75500000 	0.84018073 
2.75750000 	0.83942781 
2.76000000 	0.83867523 
2.76250000 	0.83792299 
2.76500000 	0.83717109 
2.76750000 	0.83641952 
2.77000000 	0.83566830 
2.77250000 	0.83491742 
2.77500000 	0.83416688 
2.77750000 	0.83341667 
2.78000000 	0.83266680 
2.78250000 	0.83191727 
2.78500000 	0.83116807 
2.78750000 	0.83041921 
2.79000000 	0.82967069 
2.79250000 	0.82892250 
2.79500000 	0.82817465 
2.79750000 	0.82742713 
2.80000000 	0.82667995 
2.80250000 	0.82593310 
2.80500000 	0.82518658 
2.80750000 	0.82444039 
2.81000000 	0.82369454 
2.81250000 	0.82294902 
2.81500000 	0.82220383 
2.81750000 	0.82145897 
2.82000000 	0.82071444 
2.82250000 	0.81997024 
2.82500000 	0.81922637 
2.82750000 	0.81848283 
2.83000000 	0.81773962 
2.83250000 	0.81699673 
2.83500000 	0.81625418 
2.83750000 	0.81551195 
2.84000000 	0.81477005 
2.84250000 	0.81402847 
2.84500000 	0.81328722 
2.84750000 	0.81254630 
2.85000000 	0.81180570 
2.85250000 	0.81106542 
2.85500000 	0.81032548 
2.85750000 	0.80958585 
2.86000000 	0.80884655 
2.86250000 	0.80810757 
2.86500000 	0.80736891 
2.86750000 	0.80663058 
2.87000000 	0.80589257 
2.87250000 	0.80515487 
2.87500000 	0.80441750 
2.87750000 	0.80368045 
2.88000000 	0.80294373 
2.88250000 	0.80220732 
2.88500000 	0.80147122 
2.88750000 	0.80073545 
2.89000000 	0.80000000 
2.89250000 	0.79926486 
2.89500000 	0.79853005 
2.89750000 	0.79779555 
2.90000000 	0.79706136 
2.90250000 	0.79632750 
2.90500000 	0.79559395 
2.90750000 	0.79486071 
2.91000000 	0.79412779 
2.91250000 	0.79339518 
2.91500000 	0.79266289 
2.91750000 	0.79193091 
2.92000000 	0.79119925 
2.92250000 	0.79046790 
2.92500000 	0.78973686 
2.92750000 	0.78900614 
2.93000000 	0.78827572 
2.93250000 	0.78754562 
2.93500000 	0.78681583 
2.93750000 	0.78608635 
2.94000000 	0.78535718 
2.94250000 	0.78462832 
2.94500000 	0.78389977 
2.94750000 	0.78317153 
2.95000000 	0.78244360 
2.95250000 	0.78171597 
2.95500000 	0.78098866 
2.95750000 	0.78026165 
2.96000000 	0.77953495 
2.96250000 	0.77880855 
2.96500000 	0.77808246 
2.96750000 	0.77735668 
2.97000000 	0.77663121 
2.97250000 	0.77590604 
2.97500000 	0.77518117 
2.97750000 	0.77445661 
2.98000000 	0.77373235 
2.98250000 	0.77300840 
2.98500000 	0.77228475 
2.98750000 	0.77156140 
2.99000000 	0.77083835 
2.99250000 	0.77011561 
2.99500000 	0.76939317 
2.99750000 	0.76867103 
3.00000000 	0.76794919 
3.00250000 	0.76722765 
3.00500000 	0.76650642 
3.00750000 	0.76578548 
3.01000000 	0.76506484 
3.01250000 	0.76434450 
3.01500000 	0.76362446 
3.01750000 	0.76290472 
3.02000000 	0.76218528 
3.02250000 	0.76146613 
3.02500000 	0.76074729 
3.02750000 	0.76002874 
3.03000000 	0.75931048 
3.03250000 	0.75859252 
3.03500000 	0.75787486 
3.03750000 	0.75715749 
3.04000000 	0.75644042 
3.04250000 	0.75572365 
3.04500000 	0.75500716 
3.04750000 	0.75429097 
3.05000000 	0.75357508 
3.05250000 	0.75285948 
3.05500000 	0.75214417 
3.05750000 	0.75142915 
3.06000000 	0.75071443 
3.06250000 	0.75000000 
3.06500000 	0.74928586 
3.06750000 	0.74857201 
3.07000000 	0.74785845 
3.07250000 	0.74714519 
3.07500000 	0.74643221 
3.07750000 	0.74571952 
3.08000000 	0.74500712 
3.08250000 	0.74429501 
3.08500000 	0.74358319 
3.08750000 	0.74287166 
3.09000000 	0.74216042 
3.09250000 	0.74144946 
3.09500000 	0.74073879 
3.09750000 	0.74002841 
3.10000000 	0.73931831 
3.10250000 	0.73860850 
3.10500000 	0.73789898 
3.10750000 	0.73718974 
3.11000000 	0.73648079 
3.11250000 	0.73577212 
3.11500000 	0.73506374 
3.11750000 	0.73435564 
3.12000000 	0.73364783 
3.12250000 	0.73294030 
3.12500000 	0.73223305 
3.12750000 	0.73152608 
3.13000000 	0.73081940 
3.13250000 	0.73011300 
3.13500000 	0.72940688 
3.13750000 	0.72870104 
3.14000000 	0.72799549 
3.14250000 	0.72729021 
3.14500000 	0.72658521 
3.14750000 	0.72588050 
3.15000000 	0.72517607 
3.15250000 	0.72447191 
3.15500000 	0.72376803 
3.15750000 	0.72306444 
3.16000000 	0.72236112 
3.16250000 	0.72165808 
3.16500000 	0.72095531 
3.16750000 	0.72025283 
3.17000000 	0.71955062 
3.17250000 	0.71884869 
3.17500000 	0.71814703 
3.17750000 	0.71744565 
3.18000000 	0.71674455 
3.18250000 	0.71604372 
3.18500000 	0.71534317 
3.18750000 	0.71464289 
3.19000000 	0.71394289 
3.19250000 	0.71324316 
3.19500000 	0.71254371 
3.19750000 	0.71184453 
3.20000000 	0.71114562 
3.20250000 	0.71044698 
3.20500000 	0.70974862 
3.20750000 	0.70905053 
3.21000000 	0.70835271 
3.21250000 	0.70765517 
3.21500000 	0.70695789 
3.21750000 	0.70626089 
3.22000000 	0.70556416 
3.22250000 	0.70486769 
3.22500000 	0.70417150 
3.22750000 	0.70347558 
3.23000000 	0.70277992 
3.23250000 	0.70208454 
3.23500000 	0.70138943 
3.23750000 	0.70069458 
3.24000000 	0.70000000 
3.24250000 	0.69930569 
3.24500000 	0.69861165 
3.24750000 	0.69791787 
3.25000000 	0.69722436 
3.25250000 	0.69653112 
3.25500000 	0.69583814 
3.25750000 	0.69514544 
3.26000000 	0.69445299 
3.26250000 	0.69376081 
3.26500000 	0.69306890 
3.26750000 	0.69237725 
3.27000000 	0.69168587 
3.27250000 	0.69099475 
3.27500000 	0.69030389 
3.27750000 	0.68961330 
3.28000000 	0.68892297 
3.28250000 	0.68823291 
3.28500000 	0.68754310 
3.28750000 	0.68685356 
3.29000000 	0.68616429 
3.29250000 	0.68547527 
3.29500000 	0.68478651 
3.29750000 	0.68409802 
3.30000000 	0.68340979 
3.30250000 	0.68272182 
3.30500000 	0.68203410 
3.30750000 	0.68134665 
3.31000000 	0.68065946 
3.31250000 	0.67997253 
3.31500000 	0.67928585 
3.31750000 	0.67859944 
3.32000000 	0.67791328 
3.32250000 	0.67722739 
3.32500000 	0.67654175 
3.32750000 	0.67585637 
3.33000000 	0.67517124 
3.33250000 	0.67448637 
3.33500000 	0.67380176 
3.33750000 	0.67311741 
3.34000000 	0.67243331 
3.34250000 	0.67174947 
3.34500000 	0.67106588 
3.34750000 	0.67038255 
3.35000000 	0.66969948 
3.35250000 	0.66901666 
3.35500000 	0.66833409 
3.35750000 	0.66765178 
3.36000000 	0.66696972 
3.36250000 	0.66628792 
3.36500000 	0.66560637 
3.36750000 	0.66492507 
3.37000000 	0.66424402 
3.37250000 	0.66356323 
3.37500000 	0.66288269 
3.37750000 	0.66220241 
3.38000000 	0.66152237 
3.38250000 	0.66084258 
3.38500000 	0.66016305 
3.38750000 	0.65948377 
3.39000000 	0.65880474 
3.39250000 	0.65812595 
3.39500000 	0.65744742 
3.39750000 	0.65676914 
3.40000000 	0.65609111 
3.40250000 	0.65541333 
3.40500000 	0.65473579 
3.40750000 	0.65405851 
3.41000000 	0.65338147 
3.41250000 	0.65270468 
3.41500000 	0.65202814 
3.41750000 	0.65135185 
3.42000000 	0.65067580 
3.42250000 	0.65000000 
3.42500000 	0.64932445 
3.42750000 	0.64864914 
3.43000000 	0.64797408 
3.43250000 	0.64729927 
3.43500000 	0.64662470 
3.43750000 	0.64595038 
3.44000000 	0.64527630 
3.44250000 	0.64460247 
3.44500000 	0.64392888 
3.44750000 	0.64325554 
3.45000000 	0.64258244 
3.45250000 	0.64190958 
3.45500000 	0.64123697 
3.45750000 	0.64056460 
3.46000000 	0.63989248 
3.46250000 	0.63922059 
3.46500000 	0.63854895 
3.46750000 	0.63787756 
3.47000000 	0.63720640 
3.47250000 	0.63653548 
3.47500000 	0.63586481 
3.47750000 	0.63519438 
3.48000000 	0.63452419 
3.48250000 	0.63385424 
3.48500000 	0.63318453 
3.48750000 	0.63251506 
3.49000000 	0.63184583 
3.49250000 	0.63117684 
3.49500000 	0.63050809 
3.49750000 	0.62983958 
3.50000000 	0.62917131 
3.50250000 	0.62850327 
3.50500000 	0.62783548 
3.50750000 	0.62716792 
3.51000000 	0.62650060 
3.51250000 	0.62583352 
3.51500000 	0.62516667 
3.51750000 	0.62450007 
3.52000000 	0.62383370 
3.52250000 	0.62316756 
3.52500000 	0.62250166 
3.52750000 	0.62183600 
3.53000000 	0.62117058 
3.53250000 	0.62050539 
3.53500000 	0.61984043 
3.53750000 	0.61917571 
3.54000000 	0.61851123 
3.54250000 	0.61784698 
3.54500000 	0.61718296 
3.54750000 	0.61651918 
3.55000000 	0.61585563 
3.55250000 	0.61519232 
3.55500000 	0.61452924 
3.55750000 	0.61386639 
3.56000000 	0.61320377 
3.56250000 	0.61254139 
3.56500000 	0.61187924 
3.56750000 	0.61121732 
3.57000000 	0.61055564 
3.57250000 	0.60989418 
3.57500000 	0.60923296 
3.57750000 	0.60857197 
3.58000000 	0.60791121 
3.58250000 	0.60725068 
3.58500000 	0.60659038 
3.58750000 	0.60593031 
3.59000000 	0.60527047 
3.59250000 	0.60461086 
3.59500000 	0.60395148 
3.59750000 	0.60329233 
3.60000000 	0.60263340 
3.60250000 	0.60197471 
3.60500000 	0.60131625 
3.60750000 	0.60065801 
3.61000000 	0.60000000 
3.61250000 	0.59934222 
3.61500000 	0.59868467 
3.61750000 	0.59802734 
3.62000000 	0.59737024 
3.62250000 	0.59671337 
3.62500000 	0.59605672 
3.62750000 	0.59540030 
3.63000000 	0.59474411 
3.63250000 	0.59408814 
3.63500000 	0.59343240 
3.63750000 	0.59277689 
3.64000000 	0.59212160 
3.64250000 	0.59146653 
3.64500000 	0.59081169 
3.64750000 	0.59015707 
3.65000000 	0.58950268 
3.65250000 	0.58884851 
3.65500000 	0.58819457 
3.65750000 	0.58754085 
3.66000000 	0.58688735 
3.66250000 	0.58623408 
3.66500000 	0.58558103 
3.66750000 	0.58492820 
3.67000000 	0.58427559 
3.67250000 	0.58362321 
3.67500000 	0.58297105 
3.67750000 	0.58231911 
3.68000000 	0.58166739 
3.68250000 	0.58101589 
3.68500000 	0.58036462 
3.68750000 	0.57971356 
3.69000000 	0.57906273 
3.69250000 	0.57841211 
3.69500000 	0.57776172 
3.69750000 	0.57711155 
3.70000000 	0.57646159 
3.70250000 	0.57581186 
3.70500000 	0.57516234 
3.70750000 	0.57451305 
3.71000000 	0.57386397 
3.71250000 	0.57321511 
3.71500000 	0.57256647 
3.71750000 	0.57191805 
3.72000000 	0.57126985 
3.72250000 	0.57062186 
3.72500000 	0.56997409 
3.72750000 	0.56932654 
3.73000000 	0.56867921 
3.73250000 	0.56803209 
3.73500000 	0.56738519 
3.73750000 	0.56673851 
3.74000000 	0.56609204 
3.74250000 	0.56544579 
3.74500000 	0.56479975 
3.74750000 	0.56415393 
3.75000000 	0.56350833 
3.75250000 	0.56286294 
3.75500000 	0.56221776 
3.75750000 	0.56157280 
3.76000000 	0.56092806 
3.76250000 	0.56028353 
3.76500000 	0.55963921 
3.76750000 	0.55899511 
3.77000000 	0.55835122 
3.77250000 	0.55770754 
3.77500000 	0.55706408 
3.77750000 	0.55642083 
3.78000000 	0.55577779 
3.78250000 	0.55513497 
3.78500000 	0.55449235 
3.78750000 	0.55384995 
3.79000000 	0.55320777 
3.79250000 	0.55256579 
3.79500000 	0.55192403 
3.79750000 	0.55128247 
3.80000000 	0.55064113 
3.80250000 	0.55000000 
3.80500000 	0.54935908 
3.80750000 	0.54871837 
3.81000000 	0.54807787 
3.81250000 	0.54743758 
3.81500000 	0.54679750 
3.81750000 	0.54615763 
3.82000000 	0.54551797 
3.82250000 	0.54487852 
3.82500000 	0.54423928 
3.82750000 	0.54360025 
3.83000000 	0.54296142 
3.83250000 	0.54232280 
3.83500000 	0.54168440 
3.83750000 	0.54104620 
3.84000000 	0.54040821 
3.84250000 	0.53977042 
3.84500000 	0.53913284 
3.84750000 	0.53849548 
3.85000000 	0.53785831 
3.85250000 	0.53722136 
3.85500000 	0.53658461 
3.85750000 	0.53594807 
3.86000000 	0.53531173 
3.86250000 	0.53467560 
3.86500000 	0.53403967 
3.86750000 	0.53340396 
3.87000000 	0.53276844 
3.87250000 	0.53213313 
3.87500000 	0.53149803 
3.87750000 	0.53086313 
3.88000000 	0.53022844 
3.88250000 	0.52959395 
3.88500000 	0.52895967 
3.88750000 	0.52832558 
3.89000000 	0.52769171 
3.89250000 	0.52705803 
3.89500000 	0.52642456 
3.89750000 	0.52579130 
3.90000000 	0.52515823 
3.90250000 	0.52452537 
3.90500000 	0.52389272 
3.90750000 	0.52326026 
3.91000000 	0.52262801 
3.91250000 	0.52199596 
3.91500000 	0.52136411 
3.91750000 	0.52073246 
3.92000000 	0.52010101 
3.92250000 	0.51946977 
3.92500000 	0.51883872 
3.92750000 	0.51820788 
3.93000000 	0.51757724 
3.93250000 	0.51694680 
3.93500000 	0.51631656 
3.93750000 	0.51568652 
3.94000000 	0.51505668 
3.94250000 	0.51442703 
3.94500000 	0.51379759 
3.94750000 	0.51316835 
3.95000000 	0.51253931 
3.95250000 	0.51191046 
3.95500000 	0.51128182 
3.95750000 	0.51065337 
3.96000000 	0.51002513 
3.96250000 	0.50939708 
3.96500000 	0.50876922 
3.96750000 	0.50814157 
3.97000000 	0.50751412 
3.97250000 	0.50688686 
3.97500000 	0.50625980 
3.97750000 	0.50563293 
3.98000000 	0.50500627 
3.98250000 	0.50437980 
3.98500000 	0.50375352 
3.98750000 	0.50312745 
3.99000000 	0.50250156 
3.99250000 	0.50187588 
3.99500000 	0.50125039 
3.99750000 	0.50062510 
4.00000000 	0.50000000 
4.00250000 	0.49937510 
4.00500000 	0.49875039 
4.00750000 	0.49812588 
4.01000000 	0.49750156 
4.01250000 	0.49687744 
4.01500000 	0.49625351 
4.01750000 	0.49562977 
4.02000000 	0.49500623 
4.02250000 	0.49438289 
4.02500000 	0.49375974 
4.02750000 	0.49313678 
4.03000000 	0.49251401 
4.03250000 	0.49189144 
4.03500000 	0.49126906 
4.03750000 	0.49064687 
4.04000000 	0.49002488 
4.04250000 	0.48940307 
4.04500000 	0.48878146 
4.04750000 	0.48816005 
4.05000000 	0.48753882 
4.05250000 	0.48691779 
4.05500000 	0.48629694 
4.05750000 	0.48567629 
4.06000000 	0.48505583 
4.06250000 	0.48443556 
4.06500000 	0.48381548 
4.06750000 	0.48319560 
4.07000000 	0.48257590 
4.07250000 	0.48195639 
4.07500000 	0.48133708 
4.07750000 	0.48071795 
4.08000000 	0.48009901 
4.08250000 	0.47948026 
4.08500000 	0.47886171 
4.08750000 	0.47824334 
4.09000000 	0.47762516 
4.09250000 	0.47700717 
4.09500000 	0.47638937 
4.09750000 	0.47577175 
4.10000000 	0.47515433 
4.10250000 	0.47453709 
4.10500000 	0.47392004 
4.10750000 	0.47330318 
4.11000000 	0.47268651 
4.11250000 	0.47207002 
4.11500000 	0.47145372 
4.11750000 	0.47083761 
4.12000000 	0.47022169 
4.12250000 	0.46960595 
4.12500000 	0.46899040 
4.12750000 	0.46837503 
4.13000000 	0.46775986 
4.13250000 	0.46714486 
4.13500000 	0.46653006 
4.13750000 	0.46591544 
4.14000000 	0.46530101 
4.14250000 	0.46468676 
4.14500000 	0.46407269 
4.14750000 	0.46345881 
4.15000000 	0.46284512 
4.15250000 	0.46223161 
4.15500000 	0.46161829 
4.15750000 	0.46100515 
4.16000000 	0.46039219 
4.16250000 	0.45977942 
4.16500000 	0.45916684 
4.16750000 	0.45855443 
4.17000000 	0.45794221 
4.17250000 	0.45733018 
4.17500000 	0.45671833 
4.17750000 	0.45610666 
4.18000000 	0.45549517 
4.18250000 	0.45488387 
4.18500000 	0.45427275 
4.18750000 	0.45366181 
4.19000000 	0.45305105 
4.19250000 	0.45244048 
4.19500000 	0.45183009 
4.19750000 	0.45121988 
4.20000000 	0.45060985 
4.20250000 	0.45000000 
4.20500000 	0.44939033 
4.20750000 	0.44878085 
4.21000000 	0.44817155 
4.21250000 	0.44756242 
4.21500000 	0.44695348 
4.21750000 	0.44634472 
4.22000000 	0.44573614 
4.22250000 	0.44512774 
4.22500000 	0.44451952 
4.22750000 	0.44391148 
4.23000000 	0.44330362 
4.23250000 	0.44269594 
4.23500000 	0.44208844 
4.23750000 	0.44148111 
4.24000000 	0.44087397 
4.24250000 	0.44026701 
4.24500000 	0.43966022 
4.24750000 	0.43905362 
4.25000000 	0.43844719 
4.25250000 	0.43784094 
4.25500000 	0.43723487 
4.25750000 	0.43662897 
4.26000000 	0.43602326 
4.26250000 	0.43541772 
4.26500000 	0.43481236 
4.26750000 	0.43420717 
4.27000000 	0.43360217 
4.27250000 	0.43299734 
4.27500000 	0.43239269 
4.27750000 	0.43178821 
4.28000000 	0.43118391 
4.28250000 	0.43057979 
4.28500000 	0.42997585 
4.28750000 	0.42937208 
4.29000000 	0.42876848 
4.29250000 	0.42816506 
4.29500000 	0.42756182 
4.29750000 	0.42695876 
4.30000000 	0.42635586 
4.30250000 	0.42575315 
4.30500000 	0.42515061 
4.30750000 	0.42454824 
4.31000000 	0.42394605 
4.31250000 	0.42334403 
4.31500000 	0.42274219 
4.31750000 	0.42214052 
4.32000000 	0.42153903 
4.32250000 	0.42093771 
4.32500000 	0.42033657 
4.32750000 	0.41973559 
4.33000000 	0.41913480 
4.33250000 	0.41853417 
4.33500000 	0.41793372 
4.33750000 	0.41733344 
4.34000000 	0.41673333 
4.34250000 	0.41613340 
4.34500000 	0.41553364 
4.34750000 	0.41493405 
4.35000000 	0.41433464 
4.35250000 	0.41373540 
4.35500000 	0.41313632 
4.35750000 	0.41253743 
4.36000000 	0.41193870 
4.36250000 	0.41134014 
4.36500000 	0.41074176 
4.36750000 	0.41014355 
4.37000000 	0.40954550 
4.37250000 	0.40894763 
4.37500000 	0.40834993 
4.37750000 	0.40775240 
4.38000000 	0.40715505 
4.38250000 	0.40655786 
4.38500000 	0.40596084 
4.38750000 	0.40536399 
4.39000000 	0.40476732 
4.39250000 	0.40417081 
4.39500000 	0.40357447 
4.39750000 	0.40297830 
4.40000000 	0.40238230 
4.40250000 	0.40178647 
4.40500000 	0.40119081 
4.40750000 	0.40059532 
4.41000000 	0.40000000 
4.41250000 	0.39940485 
4.41500000 	0.39880986 
4.41750000 	0.39821504 
4.42000000 	0.39762040 
4.42250000 	0.39702592 
4.42500000 	0.39643160 
4.42750000 	0.39583746 
4.43000000 	0.39524348 
4.43250000 	0.39464967 
4.43500000 	0.39405603 
4.43750000 	0.39346256 
4.44000000 	0.39286925 
4.44250000 	0.39227611 
4.44500000 	0.39168314 
4.44750000 	0.39109033 
4.45000000 	0.39049769 
4.45250000 	0.38990522 
4.45500000 	0.38931291 
4.45750000 	0.38872077 
4.46000000 	0.38812879 
4.46250000 	0.38753698 
4.46500000 	0.38694534 
4.46750000 	0.38635386 
4.47000000 	0.38576255 
4.47250000 	0.38517140 
4.47500000 	0.38458042 
4.47750000 	0.38398960 
4.48000000 	0.38339895 
4.48250000 	0.38280846 
4.48500000 	0.38221814 
4.48750000 	0.38162798 
4.49000000 	0.38103799 
4.49250000 	0.38044816 
4.49500000 	0.37985850 
4.49750000 	0.37926899 
4.50000000 	0.37867966 
4.50250000 	0.37809048 
4.50500000 	0.37750147 
4.50750000 	0.37691263 
4.51000000 	0.37632394 
4.51250000 	0.37573542 
4.51500000 	0.37514706 
4.51750000 	0.37455887 
4.52000000 	0.37397084 
4.52250000 	0.37338297 
4.52500000 	0.37279526 
4.52750000 	0.37220772 
4.53000000 	0.37162033 
4.53250000 	0.37103311 
4.53500000 	0.37044606 
4.53750000 	0.36985916 
4.54000000 	0.36927242 
4.54250000 	0.36868585 
4.54500000 	0.36809944 
4.54750000 	0.36751319 
4.55000000 	0.36692710 
4.55250000 	0.36634117 
4.55500000 	0.36575540 
4.55750000 	0.36516980 
4.56000000 	0.36458435 
4.56250000 	0.36399906 
4.56500000 	0.36341394 
4.56750000 	0.36282897 
4.57000000 	0.36224417 
4.57250000 	0.36165952 
4.57500000 	0.36107504 
4.57750000 	0.36049071 
4.58000000 	0.35990654 
4.58250000 	0.35932254 
4.58500000 	0.35873869 
4.58750000 	0.35815500 
4.59000000 	0.35757147 
4.59250000 	0.35698810 
4.59500000 	0.35640489 
4.59750000 	0.35582184 
4.60000000 	0.35523894 
4.60250000 	0.35465620 
4.60500000 	0.35407363 
4.60750000 	0.35349121 
4.61000000 	0.35290894 
4.61250000 	0.35232684 
4.61500000 	0.35174489 
4.61750000 	0.35116311 
4.62000000 	0.35058147 
4.62250000 	0.35000000 
4.62500000 	0.34941868 
4.62750000 	0.34883752 
4.63000000 	0.34825652 
4.63250000 	0.34767567 
4.63500000 	0.34709499 
4.63750000 	0.34651445 
4.64000000 	0.34593408 
4.64250000 	0.34535386 
4.64500000 	0.34477379 
4.64750000 	0.34419389 
4.65000000 	0.34361413 
4.65250000 	0.34303454 
4.65500000 	0.34245510 
4.65750000 	0.34187581 
4.66000000 	0.34129669 
4.66250000 	0.34071771 
4.66500000 	0.34013889 
4.66750000 	0.33956023 
4.67000000 	0.33898172 
4.67250000 	0.33840337 
4.67500000 	0.33782517 
4.67750000 	0.33724712 
4.68000000 	0.33666923 
4.68250000 	0.33609150 
4.68500000 	0.33551392 
4.68750000 	0.33493649 
4.69000000 	0.33435922 
4.69250000 	0.33378210 
4.69500000 	0.33320513 
4.69750000 	0.33262832 
4.70000000 	0.33205166 
4.70250000 	0.33147516 
4.70500000 	0.33089880 
4.70750000 	0.33032260 
4.71000000 	0.32974656 
4.71250000 	0.32917067 
4.71500000 	0.32859492 
4.71750000 	0.32801934 
4.72000000 	0.32744390 
4.72250000 	0.32686862 
4.72500000 	0.32629349 
4.72750000 	0.32571851 
4.73000000 	0.32514368 
4.73250000 	0.32456901 
4.73500000 	0.32399449 
4.73750000 	0.32342011 
4.74000000 	0.32284589 
4.74250000 	0.32227183 
4.74500000 	0.32169791 
4.74750000 	0.32112414 
4.75000000 	0.32055053 
4.75250000 	0.31997706 
4.75500000 	0.31940375 
4.75750000 	0.31883059 
4.76000000 	0.31825758 
4.76250000 	0.31768472 
4.76500000 	0.31711200 
4.76750000 	0.31653944 
4.77000000 	0.31596703 
4.77250000 	0.31539477 
4.77500000 	0.31482266 
4.77750000 	0.31425070 
4.78000000 	0.31367889 
4.78250000 	0.31310723 
4.78500000 	0.31253571 
4.78750000 	0.31196435 
4.79000000 	0.31139314 
4.79250000 	0.31082207 
4.79500000 	0.31025116 
4.79750000 	0.30968039 
4.80000000 	0.30910977 
4.80250000 	0.30853930 
4.80500000 	0.30796898 
4.80750000 	0.30739881 
4.81000000 	0.30682878 
4.81250000 	0.30625890 
4.81500000 	0.30568917 
4.81750000 	0.30511959 
4.82000000 	0.30455016 
4.82250000 	0.30398087 
4.82500000 	0.30341174 
4.82750000 	0.30284275 
4.83000000 	0.30227390 
4.83250000 	0.30170521 
4.83500000 	0.30113666 
4.83750000 	0.30056826 
4.84000000 	0.30000000 
4.84250000 	0.29943189 
4.84500000 	0.29886393 
4.84750000 	0.29829611 
4.85000000 	0.29772845 
4.85250000 	0.29716092 
4.85500000 	0.29659355 
4.85750000 	0.29602632 
4.86000000 	0.29545923 
4.86250000 	0.29489229 
4.86500000 	0.29432550 
4.86750000 	0.29375885 
4.87000000 	0.29319235 
4.87250000 	0.29262599 
4.87500000 	0.29205978 
4.87750000 	0.29149372 
4.88000000 	0.29092780 
4.88250000 	0.29036202 
4.88500000 	0.28979639 
4.88750000 	0.28923090 
4.89000000 	0.28866556 
4.89250000 	0.28810036 
4.89500000 	0.28753531 
4.89750000 	0.28697040 
4.90000000 	0.28640564 
4.90250000 	0.28584102 
4.90500000 	0.28527654 
4.90750000 	0.28471221 
4.91000000 	0.28414802 
4.91250000 	0.28358397 
4.91500000 	0.28302007 
4.91750000 	0.28245631 
4.92000000 	0.28189270 
4.92250000 	0.28132923 
4.92500000 	0.28076590 
4.92750000 	0.28020271 
4.93000000 	0.27963967 
4.93250000 	0.27907677 
4.93500000 	0.27851401 
4.93750000 	0.27795140 
4.94000000 	0.27738892 
4.94250000 	0.27682659 
4.94500000 	0.27626440 
4.94750000 	0.27570236 
4.95000000 	0.27514045 
4.95250000 	0.27457869 
4.95500000 	0.27401707 
4.95750000 	0.27345559 
4.96000000 	0.27289425 
4.96250000 	0.27233306 
4.96500000 	0.27177200 
4.96750000 	0.27121109 
4.97000000 	0.27065032 
4.97250000 	0.27008969 
4.97500000 	0.26952920 
4.97750000 	0.26896885 
4.98000000 	0.26840864 
4.98250000 	0.26784857 
4.98500000 	0.26728864 
4.98750000 	0.26672886 
4.99000000 	0.26616921 
4.99250000 	0.26560970 
4.99500000 	0.26505034 
4.99750000 	0.26449111 
5.00000000 	0.26393202 