0.00000000 	4.00000000 
0.00250000 	3.95000000 
0.00500000 	3.92928932 
0.00750000 	3.91339746 
0.01000000 	3.90000000 
0.01250000 	3.88819660 
0.01500000 	3.87752551 
0.01750000 	3.86771243 
0.02000000 	3.85857864 
0.02250000 	3.85000000 
0.02500000 	3.84188612 
0.02750000 	3.83416876 
0.03000000 	3.82679492 
0.03250000 	3.81972244 
0.03500000 	3.81291713 
0.03750000 	3.80635083 
0.04000000 	3.80000000 
0.04250000 	3.79384472 
0.04500000 	3.78786797 
0.04750000 	3.78205505 
0.05000000 	3.77639320 
0.05250000 	3.77087122 
0.05500000 	3.76547921 
0.05750000 	3.76020842 
0.06000000 	3.75505103 
0.06250000 	3.75000000 
0.06500000 	3.74504902 
0.06750000 	3.74019238 
0.07000000 	3.73542487 
0.07250000 	3.73074176 
0.07500000 	3.72613872 
0.07750000 	3.72161178 
0.08000000 	3.71715729 
0.08250000 	3.71277187 
0.08500000 	3.70845241 
0.08750000 	3.70419601 
0.09000000 	3.70000000 
0.09250000 	3.69586187 
0.09500000 	3.69177930 
0.09750000 	3.68775010 
0.10000000 	3.68377223 
0.10250000 	3.67984379 
0.10500000 	3.67596297 
0.10750000 	3.67212807 
0.11000000 	3.66833752 
0.11250000 	3.66458980 
0.11500000 	3.66088350 
0.11750000 	3.65721727 
0.12000000 	3.65358984 
0.12250000 	3.65000000 
0.12500000 	3.64644661 
0.12750000 	3.64292858 
0.13000000 	3.63944487 
0.13250000 	3.63599451 
0.13500000 	3.63257654 
0.13750000 	3.62919008 
0.14000000 	3.62583426 
0.14250000 	3.62250828 
0.14500000 	3.61921134 
0.14750000 	3.61594271 
0.15000000 	3.61270167 
0.15250000 	3.60948752 
0.15500000 	3.60629961 
0.15750000 	3.60313730 
0.16000000 	3.60000000 
0.16250000 	3.59688711 
0.16500000 	3.59379808 
0.16750000 	3.59073236 
0.17000000 	3.58768944 
0.17250000 	3.58466881 
0.17500000 	3.58166999 
0.17750000 	3.57869251 
0.18000000 	3.57573593 
0.18250000 	3.57279981 
0.18500000 	3.56988374 
0.18750000 	3.56698730 
0.19000000 	3.56411011 
0.19250000 	3.56125178 
0.19500000 	3.55841196 
0.19750000 	3.55559028 
0.20000000 	3.55278640 
0.20250000 	3.55000000 
0.20500000 	3.54723074 
0.20750000 	3.54447832 
0.21000000 	3.54174243 
0.21250000 	3.53902278 
0.21500000 	3.53631908 
0.21750000 	3.53363105 
0.22000000 	3.53095842 
0.22250000 	3.52830094 
0.22500000 	3.52565835 
0.22750000 	3.52303040 
0.23000000 	3.52041685 
0.23250000 	3.51781746 
0.23500000 	3.51523201 
0.23750000 	3.51266028 
0.24000000 	3.51010205 
0.24250000 	3.50755711 
0.24500000 	3.50502525 
0.24750000 	3.50250628 
0.25000000 	3.50000000 
0.25250000 	3.49750622 
0.25500000 	3.49502475 
0.25750000 	3.49255542 
0.26000000 	3.49009805 
0.26250000 	3.48765246 
0.26500000 	3.48521849 
0.26750000 	3.48279598 
0.27000000 	3.48038476 
0.27250000 	3.47798467 
0.27500000 	3.47559558 
0.27750000 	3.47321731 
0.28000000 	3.47084974 
0.28250000 	3.46849271 
0.28500000 	3.46614609 
0.28750000 	3.46380974 
0.29000000 	3.46148352 
0.29250000 	3.45916731 
0.29500000 	3.45686098 
0.29750000 	3.45456439 
0.30000000 	3.45227744 
0.30250000 	3.45000000 
0.30500000 	3.44773195 
0.30750000 	3.44547317 
0.31000000 	3.44322356 
0.31250000 	3.44098301 
0.31500000 	3.43875139 
0.31750000 	3.43652862 
0.32000000 	3.43431458 
0.32250000 	3.43210917 
0.32500000 	3.42991229 
0.32750000 	3.42772384 
0.33000000 	3.42554374 
0.33250000 	3.42337187 
0.33500000 	3.42120815 
0.33750000 	3.41905250 
0.34000000 	3.41690481 
0.34250000 	3.41476500 
0.34500000 	3.41263299 
0.34750000 	3.41050869 
0.35000000 	3.40839202 
0.35250000 	3.40628290 
0.35500000 	3.40418124 
0.35750000 	3.40208696 
0.36000000 	3.40000000 
0.36250000 	3.39792027 
0.36500000 	3.39584770 
0.36750000 	3.39378222 
0.37000000 	3.39172375 
0.37250000 	3.38967222 
0.37500000 	3.38762756 
0.37750000 	3.38558971 
0.38000000 	3.38355860 
0.38250000 	3.38153416 
0.38500000 	3.37951632 
0.38750000 	3.37750502 
0.39000000 	3.37550020 
0.39250000 	3.37350180 
0.39500000 	3.37150975 
0.39750000 	3.36952399 
0.40000000 	3.36754447 
0.40250000 	3.36557112 
0.40500000 	3.36360390 
0.40750000 	3.36164273 
0.41000000 	3.35968758 
0.41250000 	3.35773837 
0.41500000 	3.35579506 
0.41750000 	3.35385760 
0.42000000 	3.35192593 
0.42250000 	3.35000000 
0.42500000 	3.34807976 
0.42750000 	3.34616516 
0.43000000 	3.34425615 
0.43250000 	3.34235268 
0.43500000 	3.34045470 
0.43750000 	3.33856217 
0.44000000 	3.33667504 
0.44250000 	3.33479327 
0.44500000 	3.33291680 
0.44750000 	3.33104559 
0.45000000 	3.32917961 
0.45250000 	3.32731880 
0.45500000 	3.32546312 
0.45750000 	3.32361254 
0.46000000 	3.32176700 
0.46250000 	3.31992647 
0.46500000 	3.31809092 
0.46750000 	3.31626028 
0.47000000 	3.31443454 
0.47250000 	3.31261365 
0.47500000 	3.31079756 
0.47750000 	3.30898625 
0.48000000 	3.30717968 
0.48250000 	3.30537780 
0.48500000 	3.30358059 
0.48750000 	3.30178800 
0.49000000 	3.30000000 
0.49250000 	3.29821656 
0.49500000 	3.29643764 
0.49750000 	3.29466320 
0.50000000 	3.29289322 
0.50250000 	3.29112766 
0.50500000 	3.28936648 
0.50750000 	3.28760966 
0.51000000 	3.28585716 
0.51250000 	3.28410895 
0.51500000 	3.28236500 
0.51750000 	3.28062527 
0.52000000 	3.27888974 
0.52250000 	3.27715839 
0.52500000 	3.27543116 
0.52750000 	3.27370805 
0.53000000 	3.27198901 
0.53250000 	3.27027402 
0.53500000 	3.26856306 
0.53750000 	3.26685609 
0.54000000 	3.26515308 
0.54250000 	3.26345401 
0.54500000 	3.26175885 
0.54750000 	3.26006757 
0.55000000 	3.25838015 
0.55250000 	3.25669656 
0.55500000 	3.25501678 
0.55750000 	3.25334077 
0.56000000 	3.25166852 
0.56250000 	3.25000000 
0.56500000 	3.24833518 
0.56750000 	3.24667404 
0.57000000 	3.24501656 
0.57250000 	3.24336270 
0.57500000 	3.24171246 
0.57750000 	3.24006579 
0.58000000 	3.23842269 
0.58250000 	3.23678312 
0.58500000 	3.23514707 
0.58750000 	3.23351451 
0.59000000 	3.23188543 
0.59250000 	3.23025978 
0.59500000 	3.22863757 
0.59750000 	3.22701876 
0.60000000 	3.22540333 
0.60250000 	3.22379127 
0.60500000 	3.22218254 
0.60750000 	3.22057714 
0.61000000 	3.21897503 
0.61250000 	3.21737621 
0.61500000 	3.21578064 
0.61750000 	3.21418832 
0.62000000 	3.21259921 
0.62250000 	3.21101331 
0.62500000 	3.20943058 
0.62750000 	3.20785102 
0.63000000 	3.20627461 
0.63250000 	3.20470131 
0.63500000 	3.20313113 
0.63750000 	3.20156403 
0.64000000 	3.20000000 
0.64250000 	3.19843902 
0.64500000 	3.19688108 
0.64750000 	3.19532615 
0.65000000 	3.19377423 
0.65250000 	3.19222528 
0.65500000 	3.19067930 
0.65750000 	3.18913626 
0.66000000 	3.18759616 
0.66250000 	3.18605897 
0.66500000 	3.18452468 
0.66750000 	3.18299327 
0.67000000 	3.18146472 
0.67250000 	3.17993903 
0.67500000 	3.17841616 
0.67750000 	3.17689612 
0.68000000 	3.17537887 
0.68250000 	3.17386442 
0.68500000 	3.17235273 
0.68750000 	3.17084380 
0.69000000 	3.16933761 
0.69250000 	3.16783415 
0.69500000 	3.16633340 
0.69750000 	3.16483535 
0.70000000 	3.16333997 
0.70250000 	3.16184727 
0.70500000 	3.16035722 
0.70750000 	3.15886981 
0.71000000 	3.15738502 
0.71250000 	3.15590285 
0.71500000 	3.15442327 
0.71750000 	3.15294628 
0.72000000 	3.15147186 
0.72250000 	3.15000000 
0.72500000 	3.14853068 
0.72750000 	3.14706389 
0.73000000 	3.14559963 
0.73250000 	3.14413786 
0.73500000 	3.14267859 
0.73750000 	3.14122180 
0.74000000 	3.13976747 
0.74250000 	3.13831560 
0.74500000 	3.13686617 
0.74750000 	3.13541918 
0.75000000 	3.13397460 
0.75250000 	3.13253242 
0.75500000 	3.13109264 
0.75750000 	3.12965524 
0.76000000 	3.12822021 
0.76250000 	3.12678754 
0.76500000 	3.12535722 
0.76750000 	3.12392923 
0.77000000 	3.12250356 
0.77250000 	3.12108021 
0.77500000 	3.11965916 
0.77750000 	3.11824040 
0.78000000 	3.11682391 
0.78250000 	3.11540970 
0.78500000 	3.11399774 
0.78750000 	3.11258803 
0.79000000 	3.11118056 
0.79250000 	3.10977531 
0.79500000 	3.10837227 
0.79750000 	3.10697145 
0.80000000 	3.10557281 
0.80250000 	3.10417636 
0.80500000 	3.10278208 
0.80750000 	3.10138996 
0.81000000 	3.10000000 
0.81250000 	3.09861218 
0.81500000 	3.09722650 
0.81750000 	3.09584293 
0.82000000 	3.09446149 
0.82250000 	3.09308214 
0.82500000 	3.09170489 
0.82750000 	3.09032973 
0.83000000 	3.08895664 
0.83250000 	3.08758562 
0.83500000 	3.08621666 
0.83750000 	3.08484974 
0.84000000 	3.08348486 
0.84250000 	3.08212201 
0.84500000 	3.08076118 
0.84750000 	3.07940237 
0.85000000 	3.07804555 
0.85250000 	3.07669073 
0.85500000 	3.07533790 
0.85750000 	3.07398704 
0.86000000 	3.07263815 
0.86250000 	3.07129122 
0.86500000 	3.06994624 
0.86750000 	3.06860320 
0.87000000 	3.06726209 
0.87250000 	3.06592292 
0.87500000 	3.06458565 
0.87750000 	3.06325030 
0.88000000 	3.06191685 
0.88250000 	3.06058529 
0.88500000 	3.05925561 
0.88750000 	3.05792782 
0.89000000 	3.05660189 
0.89250000 	3.05527782 
0.89500000 	3.05395560 
0.89750000 	3.05263523 
0.90000000 	3.05131670 
0.90250000 	3.05000000 
0.90500000 	3.04868512 
0.90750000 	3.04737206 
0.91000000 	3.04606080 
0.91250000 	3.04475134 
0.91500000 	3.04344368 
0.91750000 	3.04213780 
0.92000000 	3.04083370 
0.92250000 	3.03953136 
0.92500000 	3.03823080 
0.92750000 	3.03693199 
0.93000000 	3.03563492 
0.93250000 	3.03433960 
0.93500000 	3.03304602 
0.93750000 	3.03175416 
0.94000000 	3.03046403 
0.94250000 	3.02917561 
0.94500000 	3.02788890 
0.94750000 	3.02660388 
0.95000000 	3.02532057 
0.95250000 	3.02403894 
0.95500000 	3.02275899 
0.95750000 	3.02148071 
0.96000000 	3.02020410 
0.96250000 	3.01892916 
0.96500000 	3.01765586 
0.96750000 	3.01638422 
0.97000000 	3.01511422 
0.97250000 	3.01384585 
0.97500000 	3.01257912 
0.97750000 	3.01131400 
0.98000000 	3.01005051 
0.98250000 	3.00878862 
0.98500000 	3.00752834 
0.98750000 	3.00626965 
0.99000000 	3.00501256 
0.99250000 	3.00375706 
0.99500000 	3.00250313 
0.99750000 	3.00125078 
1.00000000 	3.00000000 
1.00250000 	2.99875078 
1.00500000 	2.99750312 
1.00750000 	2.99625701 
1.01000000 	2.99501244 
1.01250000 	2.99376941 
1.01500000 	2.99252792 
1.01750000 	2.99128795 
1.02000000 	2.99004951 
1.02250000 	2.98881258 
1.02500000 	2.98757716 
1.02750000 	2.98634325 
1.03000000 	2.98511084 
1.03250000 	2.98387993 
1.03500000 	2.98265050 
1.03750000 	2.98142256 
1.04000000 	2.98019610 
1.04250000 	2.97897111 
1.04500000 	2.97774758 
1.04750000 	2.97652553 
1.05000000 	2.97530492 
1.05250000 	2.97408577 
1.05500000 	2.97286807 
1.05750000 	2.97165181 
1.06000000 	2.97043699 
1.06250000 	2.96922359 
1.06500000 	2.96801163 
1.06750000 	2.96680108 
1.07000000 	2.96559196 
1.07250000 	2.96438424 
1.07500000 	2.96317793 
1.07750000 	2.96197303 
1.08000000 	2.96076952 
1.08250000 	2.95956740 
1.08500000 	2.95836667 
1.08750000 	2.95716732 
1.09000000 	2.95596935 
1.09250000 	2.95477275 
1.09500000 	2.95357752 
1.09750000 	2.95238366 
1.10000000 	2.95119115 
1.10250000 	2.95000000 
1.10500000 	2.94881020 
1.10750000 	2.94762174 
1.11000000 	2.94643462 
1.11250000 	2.94524884 
1.11500000 	2.94406440 
1.11750000 	2.94288127 
1.12000000 	2.94169948 
1.12250000 	2.94051899 
1.12500000 	2.93933983 
1.12750000 	2.93816197 
1.13000000 	2.93698542 
1.13250000 	2.93581017 
1.13500000 	2.93463621 
1.13750000 	2.93346355 
1.14000000 	2.93229217 
1.14250000 	2.93112208 
1.14500000 	2.92995327 
1.14750000 	2.92878574 
1.15000000 	2.92761947 
1.15250000 	2.92645447 
1.15500000 	2.92529074 
1.15750000 	2.92412826 
1.16000000 	2.92296704 
1.16250000 	2.92180707 
1.16500000 	2.92064834 
1.16750000 	2.91949086 
1.17000000 	2.91833462 
1.17250000 	2.91717961 
1.17500000 	2.91602583 
1.17750000 	2.91487328 
1.18000000 	2.91372195 
1.18250000 	2.91257184 
1.18500000 	2.91142295 
1.18750000 	2.91027526 
1.19000000 	2.90912879 
1.19250000 	2.90798352 
1.19500000 	2.90683944 
1.19750000 	2.90569657 
1.20000000 	2.90455488 
1.20250000 	2.90341439 
1.20500000 	2.90227508 
1.20750000 	2.90113695 
1.21000000 	2.90000000 
1.21250000 	2.89886422 
1.21500000 	2.89772962 
1.21750000 	2.89659618 
1.22000000 	2.89546390 
1.22250000 	2.89433278 
1.22500000 	2.89320282 
1.22750000 	2.89207401 
1.23000000 	2.89094635 
1.23250000 	2.88981983 
1.23500000 	2.88869446 
1.23750000 	2.88757023 
1.24000000 	2.88644713 
1.24250000 	2.88532516 
1.24500000 	2.88420432 
1.24750000 	2.88308460 
1.25000000 	2.88196601 
1.25250000 	2.88084854 
1.25500000 	2.87973217 
1.25750000 	2.87861693 
1.26000000 	2.87750278 
1.26250000 	2.87638975 
1.26500000 	2.87527781 
1.26750000 	2.87416698 
1.27000000 	2.87305723 
1.27250000 	2.87194858 
1.27500000 	2.87084102 
1.27750000 	2.86973454 
1.28000000 	2.86862915 
1.28250000 	2.86752483 
1.28500000 	2.86642160 
1.28750000 	2.86531943 
1.29000000 	2.86421833 
1.29250000 	2.86311830 
1.29500000 	2.86201933 
1.29750000 	2.86092143 
1.30000000 	2.85982457 
1.30250000 	2.85872878 
1.30500000 	2.85763403 
1.30750000 	2.85654034 
1.31000000 	2.85544769 
1.31250000 	2.85435608 
1.31500000 	2.85326551 
1.31750000 	2.85217597 
1.32000000 	2.85108747 
1.32250000 	2.85000000 
1.32500000 	2.84891356 
1.32750000 	2.84782814 
1.33000000 	2.84674374 
1.33250000 	2.84566036 
1.33500000 	2.84457800 
1.33750000 	2.84349665 
1.34000000 	2.84241631 
1.34250000 	2.84133698 
1.34500000 	2.84025865 
1.34750000 	2.83918132 
1.35000000 	2.83810500 
1.35250000 	2.83702967 
1.35500000 	2.83595533 
1.35750000 	2.83488198 
1.36000000 	2.83380962 
1.36250000 	2.83273825 
1.36500000 	2.83166786 
1.36750000 	2.83059844 
1.37000000 	2.82953001 
1.37250000 	2.82846255 
1.37500000 	2.82739606 
1.37750000 	2.82633054 
1.38000000 	2.82526599 
1.38250000 	2.82420240 
1.38500000 	2.82313977 
1.38750000 	2.82207810 
1.39000000 	2.82101739 
1.39250000 	2.81995763 
1.39500000 	2.81889882 
1.39750000 	2.81784096 
1.40000000 	2.81678404 
1.40250000 	2.81572807 
1.40500000 	2.81467304 
1.40750000 	2.81361895 
1.41000000 	2.81256579 
1.41250000 	2.81151357 
1.41500000 	2.81046227 
1.41750000 	2.80941191 
1.42000000 	2.80836247 
1.42250000 	2.80731396 
1.42500000 	2.80626636 
1.42750000 	2.80521969 
1.43000000 	2.80417393 
1.43250000 	2.80312908 
1.43500000 	2.80208514 
1.43750000 	2.80104212 
1.44000000 	2.80000000 
1.44250000 	2.79895879 
1.44500000 	2.79791847 
1.44750000 	2.79687906 
1.45000000 	2.79584054 
1.45250000 	2.79480292 
1.45500000 	2.79376619 
1.45750000 	2.79273035 
1.46000000 	2.79169540 
1.46250000 	2.79066134 
1.46500000 	2.78962816 
1.46750000 	2.78859586 
1.47000000 	2.78756443 
1.47250000 	2.78653389 
1.47500000 	2.78550422 
1.47750000 	2.78447542 
1.48000000 	2.78344749 
1.48250000 	2.78242043 
1.48500000 	2.78139424 
1.48750000 	2.78036891 
1.49000000 	2.77934444 
1.49250000 	2.77832083 
1.49500000 	2.77729807 
1.49750000 	2.77627617 
1.50000000 	2.77525513 
1.50250000 	2.77423493 
1.50500000 	2.77321559 
1.50750000 	2.77219708 
1.51000000 	2.77117943 
1.51250000 	2.77016261 
1.51500000 	2.76914664 
1.51750000 	2.76813150 
1.52000000 	2.76711720 
1.52250000 	2.76610373 
1.52500000 	2.76509110 
1.52750000 	2.76407929 
1.53000000 	2.76306831 
1.53250000 	2.76205816 
1.53500000 	2.76104883 
1.53750000 	2.76004032 
1.54000000 	2.75903264 
1.54250000 	2.75802577 
1.54500000 	2.75701971 
1.54750000 	2.75601447 
1.55000000 	2.75501004 
1.55250000 	2.75400642 
1.55500000 	2.75300361 
1.55750000 	2.75200160 
1.56000000 	2.75100040 
1.56250000 	2.75000000 
1.56500000 	2.74900040 
1.56750000 	2.74800160 
1.57000000 	2.74700359 
1.57250000 	2.74600638 
1.57500000 	2.74500996 
1.57750000 	2.74401433 
1.58000000 	2.74301949 
1.58250000 	2.74202544 
1.58500000 	2.74103217 
1.58750000 	2.74003968 
1.59000000 	2.73904798 
1.59250000 	2.73805705 
1.59500000 	2.73706691 
1.59750000 	2.73607753 
1.60000000 	2.73508894 
1.60250000 	2.73410111 
1.60500000 	2.73311405 
1.60750000 	2.73212777 
1.61000000 	2.73114225 
1.61250000 	2.73015749 
1.61500000 	2.72917350 
1.61750000 	2.72819027 
1.62000000 	2.72720779 
1.62250000 	2.72622608 
1.62500000 	2.72524512 
1.62750000 	2.72426492 
1.63000000 	2.72328547 
1.63250000 	2.72230677 
1.63500000 	2.72132881 
1.63750000 	2.72035161 
1.64000000 	2.71937515 
1.64250000 	2.71839944 
1.64500000 	2.71742447 
1.64750000 	2.71645023 
1.65000000 	2.71547674 
1.65250000 	2.71450399 
1.65500000 	2.71353197 
1.65750000 	2.71256068 
1.66000000 	2.71159013 
1.66250000 	2.71062030 
1.66500000 	2.70965121 
1.66750000 	2.70868284 
1.67000000 	2.70771520 
1.67250000 	2.70674828 
1.67500000 	2.70578209 
1.67750000 	2.70481662 
1.68000000 	2.70385186 
1.68250000 	2.70288782 
1.68500000 	2.70192450 
1.68750000 	2.70096189 
1.69000000 	2.70000000 
1.69250000 	2.69903882 
1.69500000 	2.69807834 
1.69750000 	2.69711858 
1.70000000 	2.69615952 
1.70250000 	2.69520116 
1.70500000 	2.69424351 
1.70750000 	2.69328657 
1.71000000 	2.69233032 
1.71250000 	2.69137477 
1.71500000 	2.69041991 
1.71750000 	2.68946576 
1.72000000 	2.68851230 
1.72250000 	2.68755953 
1.72500000 	2.68660745 
1.72750000 	2.68565606 
1.73000000 	2.68470536 
1.73250000 	2.68375534 
1.73500000 	2.68280601 
1.73750000 	2.68185737 
1.74000000 	2.68090940 
1.74250000 	2.67996212 
1.74500000 	2.67901552 
1.74750000 	2.67806959 
1.75000000 	2.67712434 
1.75250000 	2.67617977 
1.75500000 	2.67523587 
1.75750000 	2.67429264 
1.76000000 	2.67335008 
1.76250000 	2.67240820 
1.76500000 	2.67146697 
1.76750000 	2.67052642 
1.77000000 	2.66958653 
1.77250000 	2.66864730 
1.77500000 	2.66770874 
1.77750000 	2.66677084 
1.78000000 	2.66583359 
1.78250000 	2.66489701 
1.78500000 	2.66396108 
1.78750000 	2.66302580 
1.79000000 	2.66209118 
1.79250000 	2.66115722 
1.79500000 	2.66022390 
1.79750000 	2.65929123 
1.80000000 	2.65835921 
1.80250000 	2.65742784 
1.80500000 	2.65649712 
1.80750000 	2.65556703 
1.81000000 	2.65463760 
1.81250000 	2.65370880 
1.81500000 	2.65278064 
1.81750000 	2.65185312 
1.82000000 	2.65092624 
1.82250000 	2.65000000 
1.82500000 	2.64907439 
1.82750000 	2.64814942 
1.83000000 	2.64722507 
1.83250000 	2.64630136 
1.83500000 	2.64537828 
1.83750000 	2.64445583 
1.84000000 	2.64353400 
1.84250000 	2.64261280 
1.84500000 	2.64169223 
1.84750000 	2.64077228 
1.85000000 	2.63985295 
1.85250000 	2.63893424 
1.85500000 	2.63801615 
1.85750000 	2.63709868 
1.86000000 	2.63618183 
1.86250000 	2.63526559 
1.86500000 	2.63434997 
1.86750000 	2.63343496 
1.87000000 	2.63252057 
1.87250000 	2.63160678 
1.87500000 	2.63069361 
1.87750000 	2.62978104 
1.88000000 	2.62886908 
1.88250000 	2.62795773 
1.88500000 	2.62704698 
1.88750000 	2.62613683 
1.89000000 	2.62522729 
1.89250000 	2.62431835 
1.89500000 	2.62341001 
1.89750000 	2.62250227 
1.90000000 	2.62159512 
1.90250000 	2.62068858 
1.90500000 	2.61978263 
1.90750000 	2.61887727 
1.91000000 	2.61797250 
1.91250000 	2.61706833 
1.91500000 	2.61616475 
1.91750000 	2.61526176 
1.92000000 	2.61435935 
1.92250000 	2.61345754 
1.92500000 	2.61255631 
1.92750000 	2.61165566 
1.93000000 	2.61075560 
1.93250000 	2.60985612 
1.93500000 	2.60895723 
1.93750000 	2.60805891 
1.94000000 	2.60716117 
1.94250000 	2.60626401 
1.94500000 	2.60536743 
1.94750000 	2.60447143 
1.95000000 	2.60357600 
1.95250000 	2.60268114 
1.95500000 	2.60178685 
1.95750000 	2.60089314 
1.96000000 	2.60000000 
1.96250000 	2.59910743 
1.96500000 	2.59821542 
1.96750000 	2.59732399 
1.97000000 	2.59643312 
1.97250000 	2.59554281 
1.97500000 	2.59465307 
1.97750000 	2.59376389 
1.98000000 	2.59287527 
1.98250000 	2.59198722 
1.98500000 	2.59109972 
1.98750000 	2.59021278 
1.99000000 	2.58932640 
1.99250000 	2.58844058 
1.99500000 	2.58755531 
1.99750000 	2.58667060 
2.00000000 	2.58578644 
2.00250000 	2.58490283 
2.00500000 	2.58401977 
2.00750000 	2.58313727 
2.01000000 	2.58225531 
2.01250000 	2.58137390 
2.01500000 	2.58049304 
2.01750000 	2.57961273 
2.02000000 	2.57873296 
2.02250000 	2.57785373 
2.02500000 	2.57697505 
2.02750000 	2.57609691 
2.03000000 	2.57521932 
2.03250000 	2.57434226 
2.03500000 	2.57346574 
2.03750000 	2.57258976 
2.04000000 	2.57171431 
2.04250000 	2.57083941 
2.04500000 	2.56996504 
2.04750000 	2.56909120 
2.05000000 	2.56821789 
2.05250000 	2.56734512 
2.05500000 	2.56647288 
2.05750000 	2.56560117 
2.06000000 	2.56472999 
2.06250000 	2.56385934 
2.06500000 	2.56298921 
2.06750000 	2.56211962 
2.07000000 	2.56125054 
2.07250000 	2.56038200 
2.07500000 	2.55951397 
2.07750000 	2.55864647 
2.08000000 	2.55777949 
2.08250000 	2.55691303 
2.08500000 	2.55604709 
2.08750000 	2.55518167 
2.09000000 	2.55431677 
2.09250000 	2.55345239 
2.09500000 	2.55258852 
2.09750000 	2.55172516 
2.10000000 	2.55086233 
2.10250000 	2.55000000 
2.10500000 	2.54913819 
2.10750000 	2.54827689 
2.11000000 	2.54741610 
2.11250000 	2.54655581 
2.11500000 	2.54569604 
2.11750000 	2.54483678 
2.12000000 	2.54397802 
2.12250000 	2.54311977 
2.12500000 	2.54226203 
2.12750000 	2.54140479 
2.13000000 	2.54054805 
2.13250000 	2.53969181 
2.13500000 	2.53883608 
2.13750000 	2.53798085 
2.14000000 	2.53712612 
2.14250000 	2.53627188 
2.14500000 	2.53541815 
2.14750000 	2.53456491 
2.15000000 	2.53371217 
2.15250000 	2.53285992 
2.15500000 	2.53200817 
2.15750000 	2.53115692 
2.16000000 	2.53030615 
2.16250000 	2.52945588 
2.16500000 	2.52860610 
2.16750000 	2.52775681 
2.17000000 	2.52690801 
2.17250000 	2.52605970 
2.17500000 	2.52521188 
2.17750000 	2.52436454 
2.18000000 	2.52351769 
2.18250000 	2.52267133 
2.18500000 	2.52182545 
2.18750000 	2.52098005 
2.19000000 	2.52013514 
2.19250000 	2.51929071 
2.19500000 	2.51844676 
2.19750000 	2.51760329 
2.20000000 	2.51676030 
2.20250000 	2.51591779 
2.20500000 	2.51507576 
2.20750000 	2.51423420 
2.21000000 	2.51339313 
2.21250000 	2.51255252 
2.21500000 	2.51171239 
2.21750000 	2.51087274 
2.22000000 	2.51003356 
2.22250000 	2.50919485 
2.22500000 	2.50835661 
2.22750000 	2.50751884 
2.23000000 	2.50668155 
2.23250000 	2.50584472 
2.23500000 	2.50500836 
2.23750000 	2.50417247 
2.24000000 	2.50333705 
2.24250000 	2.50250209 
2.24500000 	2.50166759 
2.24750000 	2.50083356 
2.25000000 	2.50000000 
2.25250000 	2.49916690 
2.25500000 	2.49833426 
2.25750000 	2.49750208 
2.26000000 	2.49667036 
2.26250000 	2.49583910 
2.26500000 	2.49500831 
2.26750000 	2.49417797 
2.27000000 	2.49334808 
2.27250000 	2.49251866 
2.27500000 	2.49168969 
2.27750000 	2.49086117 
2.28000000 	2.49003311 
2.28250000 	2.48920551 
2.28500000 	2.48837835 
2.28750000 	2.48755165 
2.29000000 	2.48672540 
2.29250000 	2.48589961 
2.29500000 	2.48507426 
2.29750000 	2.48424936 
2.30000000 	2.48342491 
2.30250000 	2.48260091 
2.30500000 	2.48177735 
2.30750000 	2.48095425 
2.31000000 	2.48013158 
2.31250000 	2.47930937 
2.31500000 	2.47848759 
2.31750000 	2.47766627 
2.32000000 	2.47684538 
2.32250000 	2.47602493 
2.32500000 	2.47520493 
2.32750000 	2.47438537 
2.33000000 	2.47356625 
2.33250000 	2.47274757 
2.33500000 	2.47192932 
2.33750000 	2.47111151 
2.34000000 	2.47029415 
2.34250000 	2.46947721 
2.34500000 	2.46866072 
2.34750000 	2.46784466 
2.35000000 	2.46702903 
2.35250000 	2.46621383 
2.35500000 	2.46539907 
2.35750000 	2.46458475 
2.36000000 	2.46377085 
2.36250000 	2.46295739 
2.36500000 	2.46214435 
2.36750000 	2.46133174 
2.37000000 	2.46051957 
2.37250000 	2.45970782 
2.37500000 	2.45889650 
2.37750000 	2.45808561 
2.38000000 	2.45727514 
2.38250000 	2.45646510 
2.38500000 	2.45565548 
2.38750000 	2.45484629 
2.39000000 	2.45403752 
2.39250000 	2.45322917 
2.39500000 	2.45242125 
2.39750000 	2.45161374 
2.40000000 	2.45080666 
2.40250000 	2.45000000 
2.40500000 	2.44919376 
2.40750000 	2.44838794 
2.41000000 	2.44758253 
2.41250000 	2.44677754 
2.41500000 	2.44597297 
2.41750000 	2.44516882 
2.42000000 	2.44436508 
2.42250000 	2.44356176 
2.42500000 	2.44275885 
2.42750000 	2.44195635 
2.43000000 	2.44115427 
2.43250000 	2.44035260 
2.43500000 	2.43955135 
2.43750000 	2.43875050 
2.44000000 	2.43795006 
2.44250000 	2.43715004 
2.44500000 	2.43635042 
2.44750000 	2.43555122 
2.45000000 	2.43475242 
2.45250000 	2.43395402 
2.45500000 	2.43315604 
2.45750000 	2.43235846 
2.46000000 	2.43156129 
2.46250000 	2.43076452 
2.46500000 	2.42996815 
2.46750000 	2.42917219 
2.47000000 	2.42837664 
2.47250000 	2.42758148 
2.47500000 	2.42678673 
2.47750000 	2.42599238 
2.48000000 	2.42519843 
2.48250000 	2.42440487 
2.48500000 	2.42361172 
2.48750000 	2.42281897 
2.49000000 	2.42202662 
2.49250000 	2.42123466 
2.49500000 	2.42044310 
2.49750000 	2.41965194 
2.50000000 	2.41886117 
2.50250000 	2.41807080 
2.50500000 	2.41728082 
2.50750000 	2.41649124 
2.51000000 	2.41570205 
2.51250000 	2.41491325 
2.51500000 	2.41412485 
2.51750000 	2.41333683 
2.52000000 	2.41254921 
2.52250000 	2.41176198 
2.52500000 	2.41097514 
2.52750000 	2.41018869 
2.53000000 	2.40940263 
2.53250000 	2.40861695 
2.53500000 	2.40783167 
2.53750000 	2.40704677 
2.54000000 	2.40626225 
2.54250000 	2.40547813 
2.54500000 	2.40469439 
2.54750000 	2.40391103 
2.55000000 	2.40312806 
2.55250000 	2.40234547 
2.55500000 	2.40156326 
2.55750000 	2.40078144 
2.56000000 	2.40000000 
2.56250000 	2.39921894 
2.56500000 	2.39843826 
2.56750000 	2.39765796 
2.57000000 	2.39687805 
2.57250000 	2.39609851 
2.57500000 	2.39531935 
2.57750000 	2.39454056 
2.58000000 	2.39376216 
2.58250000 	2.39298413 
2.58500000 	2.39220648 
2.58750000 	2.39142921 
2.59000000 	2.39065231 
2.59250000 	2.38987578 
2.59500000 	2.38909963 
2.59750000 	2.38832385 
2.60000000 	2.38754845 
2.60250000 	2.38677342 
2.60500000 	2.38599876 
2.60750000 	2.38522447 
2.61000000 	2.38445056 
2.61250000 	2.38367701 
2.61500000 	2.38290384 
2.61750000 	2.38213103 
2.62000000 	2.38135859 
2.62250000 	2.38058653 
2.62500000 	2.37981483 
2.62750000 	2.37904349 
2.63000000 	2.37827253 
2.63250000 	2.37750193 
2.63500000 	2.37673169 
2.63750000 	2.37596182 
2.64000000 	2.37519232 
2.64250000 	2.37442318 
2.64500000 	2.37365440 
2.64750000 	2.37288599 
2.65000000 	2.37211794 
2.65250000 	2.37135025 
2.65500000 	2.37058293 
2.65750000 	2.36981596 
2.66000000 	2.36904936 
2.66250000 	2.36828311 
2.66500000 	2.36751723 
2.66750000 	2.36675170 
2.67000000 	2.36598654 
2.67250000 	2.36522173 
2.67500000 	2.36445728 
2.67750000 	2.36369318 
2.68000000 	2.36292945 
2.68250000 	2.36216606 
2.68500000 	2.36140304 
2.68750000 	2.36064037 
2.69000000 	2.35987805 
2.69250000 	2.35911609 
2.69500000 	2.35835448 
2.69750000 	2.35759323 
2.70000000 	2.35683233 
2.70250000 	2.35607178 
2.70500000 	2.35531158 
2.70750000 	2.35455173 
2.71000000 	2.35379224 
2.71250000 	2.35303309 
2.71500000 	2.35227429 
2.71750000 	2.35151585 
2.72000000 	2.35075775 
2.72250000 	2.35000000 
2.72500000 	2.34924260 
2.72750000 	2.34848554 
2.73000000 	2.34772884 
2.73250000 	2.34697247 
2.73500000 	2.34621646 
2.73750000 	2.34546079 
2.74000000 	2.34470546 
2.74250000 	2.34395048 
2.74500000 	2.34319585 
2.74750000 	2.34244155 
2.75000000 	2.34168760 
2.75250000 	2.34093400 
2.75500000 	2.34018073 
2.75750000 	2.33942781 
2.76000000 	2.33867523 
2.76250000 	2.33792299 
2.76500000 	2.33717109 
2.76750000 	2.33641952 
2.77000000 	2.33566830 
2.77250000 	2.33491742 
2.77500000 	2.33416688 
2.77750000 	2.33341667 
2.78000000 	2.33266680 
2.78250000 	2.33191727 
2.78500000 	2.33116807 
2.78750000 	2.33041921 
2.79000000 	2.32967069 
2.79250000 	2.32892250 
2.79500000 	2.32817465 
2.79750000 	2.32742713 
2.80000000 	2.32667995 
2.80250000 	2.32593310 
2.80500000 	2.32518658 
2.80750000 	2.32444039 
2.81000000 	2.32369454 
2.81250000 	2.32294902 
2.81500000 	2.32220383 
2.81750000 	2.32145897 
2.82000000 	2.32071444 
2.82250000 	2.31997024 
2.82500000 	2.31922637 
2.82750000 	2.31848283 
2.83000000 	2.31773962 
2.83250000 	2.31699673 
2.83500000 	2.31625418 
2.83750000 	2.31551195 
2.84000000 	2.31477005 
2.84250000 	2.31402847 
2.84500000 	2.31328722 
2.84750000 	2.31254630 
2.85000000 	2.31180570 
2.85250000 	2.31106542 
2.85500000 	2.31032548 
2.85750000 	2.30958585 
2.86000000 	2.30884655 
2.86250000 	2.30810757 
2.86500000 	2.30736891 
2.86750000 	2.30663058 
2.87000000 	2.30589257 
2.87250000 	2.30515487 
2.87500000 	2.30441750 
2.87750000 	2.30368045 
2.88000000 	2.30294373 
2.88250000 	2.30220732 
2.88500000 	2.30147122 
2.88750000 	2.30073545 
2.89000000 	2.30000000 
2.89250000 	2.29926486 
2.89500000 	2.29853005 
2.89750000 	2.29779555 
2.90000000 	2.29706136 
2.90250000 	2.29632750 
2.90500000 	2.29559395 
2.90750000 	2.29486071 
2.91000000 	2.29412779 
2.91250000 	2.29339518 
2.91500000 	2.29266289 
2.91750000 	2.29193091 
2.92000000 	2.29119925 
2.92250000 	2.29046790 
2.92500000 	2.28973686 
2.92750000 	2.28900614 
2.93000000 	2.28827572 
2.93250000 	2.28754562 
2.93500000 	2.28681583 
2.93750000 	2.28608635 
2.94000000 	2.28535718 
2.94250000 	2.28462832 
2.94500000 	2.28389977 
2.94750000 	2.28317153 
2.95000000 	2.28244360 
2.95250000 	2.28171597 
2.95500000 	2.28098866 
2.95750000 	2.28026165 
2.96000000 	2.27953495 
2.96250000 	2.27880855 
2.96500000 	2.27808246 
2.96750000 	2.27735668 
2.97000000 	2.27663121 
2.97250000 	2.27590604 
2.97500000 	2.27518117 
2.97750000 	2.27445661 
2.98000000 	2.27373235 
2.98250000 	2.27300840 
2.98500000 	2.27228475 
2.98750000 	2.27156140 
2.99000000 	2.27083835 
2.99250000 	2.27011561 
2.99500000 	2.26939317 
2.99750000 	2.26867103 
3.00000000 	2.26794919 
3.00250000 	2.26722765 
3.00500000 	2.26650642 
3.00750000 	2.26578548 
3.01000000 	2.26506484 
3.01250000 	2.26434450 
3.01500000 	2.26362446 
3.01750000 	2.26290472 
3.02000000 	2.26218528 
3.02250000 	2.26146613 
3.02500000 	2.26074729 
3.02750000 	2.26002874 
3.03000000 	2.25931048 
3.03250000 	2.25859252 
3.03500000 	2.25787486 
3.03750000 	2.25715749 
3.04000000 	2.25644042 
3.04250000 	2.25572365 
3.04500000 	2.25500716 
3.04750000 	2.25429097 
3.05000000 	2.25357508 
3.05250000 	2.25285948 
3.05500000 	2.25214417 
3.05750000 	2.25142915 
3.06000000 	2.25071443 
3.06250000 	2.25000000 
3.06500000 	2.24928586 
3.06750000 	2.24857201 
3.07000000 	2.24785845 
3.07250000 	2.24714519 
3.07500000 	2.24643221 
3.07750000 	2.24571952 
3.08000000 	2.24500712 
3.08250000 	2.24429501 
3.08500000 	2.24358319 
3.08750000 	2.24287166 
3.09000000 	2.24216042 
3.09250000 	2.24144946 
3.09500000 	2.24073879 
3.09750000 	2.24002841 
3.10000000 	2.23931831 
3.10250000 	2.23860850 
3.10500000 	2.23789898 
3.10750000 	2.23718974 
3.11000000 	2.23648079 
3.11250000 	2.23577212 
3.11500000 	2.23506374 
3.11750000 	2.23435564 
3.12000000 	2.23364783 
3.12250000 	2.23294030 
3.12500000 	2.23223305 
3.12750000 	2.23152608 
3.13000000 	2.23081940 
3.13250000 	2.23011300 
3.13500000 	2.22940688 
3.13750000 	2.22870104 
3.14000000 	2.22799549 
3.14250000 	2.22729021 
3.14500000 	2.22658521 
3.14750000 	2.22588050 
3.15000000 	2.22517607 
3.15250000 	2.22447191 
3.15500000 	2.22376803 
3.15750000 	2.22306444 
3.16000000 	2.22236112 
3.16250000 	2.22165808 
3.16500000 	2.22095531 
3.16750000 	2.22025283 
3.17000000 	2.21955062 
3.17250000 	2.21884869 
3.17500000 	2.21814703 
3.17750000 	2.21744565 
3.18000000 	2.21674455 
3.18250000 	2.21604372 
3.18500000 	2.21534317 
3.18750000 	2.21464289 
3.19000000 	2.21394289 
3.19250000 	2.21324316 
3.19500000 	2.21254371 
3.19750000 	2.21184453 
3.20000000 	2.21114562 
3.20250000 	2.21044698 
3.20500000 	2.20974862 
3.20750000 	2.20905053 
3.21000000 	2.20835271 
3.21250000 	2.20765517 
3.21500000 	2.20695789 
3.21750000 	2.20626089 
3.22000000 	2.20556416 
3.22250000 	2.20486769 
3.22500000 	2.20417150 
3.22750000 	2.20347558 
3.23000000 	2.20277992 
3.23250000 	2.20208454 
3.23500000 	2.20138943 
3.23750000 	2.20069458 
3.24000000 	2.20000000 
3.24250000 	2.19930569 
3.24500000 	2.19861165 
3.24750000 	2.19791787 
3.25000000 	2.19722436 
3.25250000 	2.19653112 
3.25500000 	2.19583814 
3.25750000 	2.19514544 
3.26000000 	2.19445299 
3.26250000 	2.19376081 
3.26500000 	2.19306890 
3.26750000 	2.19237725 
3.27000000 	2.19168587 
3.27250000 	2.19099475 
3.27500000 	2.19030389 
3.27750000 	2.18961330 
3.28000000 	2.18892297 
3.28250000 	2.18823291 
3.28500000 	2.18754310 
3.28750000 	2.18685356 
3.29000000 	2.18616429 
3.29250000 	2.18547527 
3.29500000 	2.18478651 
3.29750000 	2.18409802 
3.30000000 	2.18340979 
3.30250000 	2.18272182 
3.30500000 	2.18203410 
3.30750000 	2.18134665 
3.31000000 	2.18065946 
3.31250000 	2.17997253 
3.31500000 	2.17928585 
3.31750000 	2.17859944 
3.32000000 	2.17791328 
3.32250000 	2.17722739 
3.32500000 	2.17654175 
3.32750000 	2.17585637 
3.33000000 	2.17517124 
3.33250000 	2.17448637 
3.33500000 	2.17380176 
3.33750000 	2.17311741 
3.34000000 	2.17243331 
3.34250000 	2.17174947 
3.34500000 	2.17106588 
3.34750000 	2.17038255 
3.35000000 	2.16969948 
3.35250000 	2.16901666 
3.35500000 	2.16833409 
3.35750000 	2.16765178 
3.36000000 	2.16696972 
3.36250000 	2.16628792 
3.36500000 	2.16560637 
3.36750000 	2.16492507 
3.37000000 	2.16424402 
3.37250000 	2.16356323 
3.37500000 	2.16288269 
3.37750000 	2.16220241 
3.38000000 	2.16152237 
3.38250000 	2.16084258 
3.38500000 	2.16016305 
3.38750000 	2.15948377 
3.39000000 	2.15880474 
3.39250000 	2.15812595 
3.39500000 	2.15744742 
3.39750000 	2.15676914 
3.40000000 	2.15609111 
3.40250000 	2.15541333 
3.40500000 	2.15473579 
3.40750000 	2.15405851 
3.41000000 	2.15338147 
3.41250000 	2.15270468 
3.41500000 	2.15202814 
3.41750000 	2.15135185 
3.42000000 	2.15067580 
3.42250000 	2.15000000 
3.42500000 	2.14932445 
3.42750000 	2.14864914 
3.43000000 	2.14797408 
3.43250000 	2.14729927 
3.43500000 	2.14662470 
3.43750000 	2.14595038 
3.44000000 	2.14527630 
3.44250000 	2.14460247 
3.44500000 	2.14392888 
3.44750000 	2.14325554 
3.45000000 	2.14258244 
3.45250000 	2.14190958 
3.45500000 	2.14123697 
3.45750000 	2.14056460 
3.46000000 	2.13989248 
3.46250000 	2.13922059 
3.46500000 	2.13854895 
3.46750000 	2.13787756 
3.47000000 	2.13720640 
3.47250000 	2.13653548 
3.47500000 	2.13586481 
3.47750000 	2.13519438 
3.48000000 	2.13452419 
3.48250000 	2.13385424 
3.48500000 	2.13318453 
3.48750000 	2.13251506 
3.49000000 	2.13184583 
3.49250000 	2.13117684 
3.49500000 	2.13050809 
3.49750000 	2.12983958 
3.50000000 	2.12917131 
3.50250000 	2.12850327 
3.50500000 	2.12783548 
3.50750000 	2.12716792 
3.51000000 	2.12650060 
3.51250000 	2.12583352 
3.51500000 	2.12516667 
3.51750000 	2.12450007 
3.52000000 	2.12383370 
3.52250000 	2.12316756 
3.52500000 	2.12250166 
3.52750000 	2.12183600 
3.53000000 	2.12117058 
3.53250000 	2.12050539 
3.53500000 	2.11984043 
3.53750000 	2.11917571 
3.54000000 	2.11851123 
3.54250000 	2.11784698 
3.54500000 	2.11718296 
3.54750000 	2.11651918 
3.55000000 	2.11585563 
3.55250000 	2.11519232 
3.55500000 	2.11452924 
3.55750000 	2.11386639 
3.56000000 	2.11320377 
3.56250000 	2.11254139 
3.56500000 	2.11187924 
3.56750000 	2.11121732 
3.57000000 	2.11055564 
3.57250000 	2.10989418 
3.57500000 	2.10923296 
3.57750000 	2.10857197 
3.58000000 	2.10791121 
3.58250000 	2.10725068 
3.58500000 	2.10659038 
3.58750000 	2.10593031 
3.59000000 	2.10527047 
3.59250000 	2.10461086 
3.59500000 	2.10395148 
3.59750000 	2.10329233 
3.60000000 	2.10263340 
3.60250000 	2.10197471 
3.60500000 	2.10131625 
3.60750000 	2.10065801 
3.61000000 	2.10000000 
3.61250000 	2.09934222 
3.61500000 	2.09868467 
3.61750000 	2.09802734 
3.62000000 	2.09737024 
3.62250000 	2.09671337 
3.62500000 	2.09605672 
3.62750000 	2.09540030 
3.63000000 	2.09474411 
3.63250000 	2.09408814 
3.63500000 	2.09343240 
3.63750000 	2.09277689 
3.64000000 	2.09212160 
3.64250000 	2.09146653 
3.64500000 	2.09081169 
3.64750000 	2.09015707 
3.65000000 	2.08950268 
3.65250000 	2.08884851 
3.65500000 	2.08819457 
3.65750000 	2.08754085 
3.66000000 	2.08688735 
3.66250000 	2.08623408 
3.66500000 	2.08558103 
3.66750000 	2.08492820 
3.67000000 	2.08427559 
3.67250000 	2.08362321 
3.67500000 	2.08297105 
3.67750000 	2.08231911 
3.68000000 	2.08166739 
3.68250000 	2.08101589 
3.68500000 	2.08036462 
3.68750000 	2.07971356 
3.69000000 	2.07906273 
3.69250000 	2.07841211 
3.69500000 	2.07776172 
3.69750000 	2.07711155 
3.70000000 	2.07646159 
3.70250000 	2.07581186 
3.70500000 	2.07516234 
3.70750000 	2.07451305 
3.71000000 	2.07386397 
3.71250000 	2.07321511 
3.71500000 	2.07256647 
3.71750000 	2.07191805 
3.72000000 	2.07126985 
3.72250000 	2.07062186 
3.72500000 	2.06997409 
3.72750000 	2.06932654 
3.73000000 	2.06867921 
3.73250000 	2.06803209 
3.73500000 	2.06738519 
3.73750000 	2.06673851 
3.74000000 	2.06609204 
3.74250000 	2.06544579 
3.74500000 	2.06479975 
3.74750000 	2.06415393 
3.75000000 	2.06350833 
3.75250000 	2.06286294 
3.75500000 	2.06221776 
3.75750000 	2.06157280 
3.76000000 	2.06092806 
3.76250000 	2.06028353 
3.76500000 	2.05963921 
3.76750000 	2.05899511 
3.77000000 	2.05835122 
3.77250000 	2.05770754 
3.77500000 	2.05706408 
3.77750000 	2.05642083 
3.78000000 	2.05577779 
3.78250000 	2.05513497 
3.78500000 	2.05449235 
3.78750000 	2.05384995 
3.79000000 	2.05320777 
3.79250000 	2.05256579 
3.79500000 	2.05192403 
3.79750000 	2.05128247 
3.80000000 	2.05064113 
3.80250000 	2.05000000 
3.80500000 	2.04935908 
3.80750000 	2.04871837 
3.81000000 	2.04807787 
3.81250000 	2.04743758 
3.81500000 	2.04679750 
3.81750000 	2.04615763 
3.82000000 	2.04551797 
3.82250000 	2.04487852 
3.82500000 	2.04423928 
3.82750000 	2.04360025 
3.83000000 	2.04296142 
3.83250000 	2.04232280 
3.83500000 	2.04168440 
3.83750000 	2.04104620 
3.84000000 	2.04040821 
3.84250000 	2.03977042 
3.84500000 	2.03913284 
3.84750000 	2.03849548 
3.85000000 	2.03785831 
3.85250000 	2.03722136 
3.85500000 	2.03658461 
3.85750000 	2.03594807 
3.86000000 	2.03531173 
3.86250000 	2.03467560 
3.86500000 	2.03403967 
3.86750000 	2.03340396 
3.87000000 	2.03276844 
3.87250000 	2.03213313 
3.87500000 	2.03149803 
3.87750000 	2.03086313 
3.88000000 	2.03022844 
3.88250000 	2.02959395 
3.88500000 	2.02895967 
3.88750000 	2.02832558 
3.89000000 	2.02769171 
3.89250000 	2.02705803 
3.89500000 	2.02642456 
3.89750000 	2.02579130 
3.90000000 	2.02515823 
3.90250000 	2.02452537 
3.90500000 	2.02389272 
3.90750000 	2.02326026 
3.91000000 	2.02262801 
3.91250000 	2.02199596 
3.91500000 	2.02136411 
3.91750000 	2.02073246 
3.92000000 	2.02010101 
3.92250000 	2.01946977 
3.92500000 	2.01883872 
3.92750000 	2.01820788 
3.93000000 	2.01757724 
3.93250000 	2.01694680 
3.93500000 	2.01631656 
3.93750000 	2.01568652 
3.94000000 	2.01505668 
3.94250000 	2.01442703 
3.94500000 	2.01379759 
3.94750000 	2.01316835 
3.95000000 	2.01253931 
3.95250000 	2.01191046 
3.95500000 	2.01128182 
3.95750000 	2.01065337 
3.96000000 	2.01002513 
3.96250000 	2.00939708 
3.96500000 	2.00876922 
3.96750000 	2.00814157 
3.97000000 	2.00751412 
3.97250000 	2.00688686 
3.97500000 	2.00625980 
3.97750000 	2.00563293 
3.98000000 	2.00500627 
3.98250000 	2.00437980 
3.98500000 	2.00375352 
3.98750000 	2.00312745 
3.99000000 	2.00250156 
3.99250000 	2.00187588 
3.99500000 	2.00125039 
3.99750000 	2.00062510 
4.00000000 	2.00000000 
4.00250000 	1.99937510 
4.00500000 	1.99875039 
4.00750000 	1.99812588 
4.01000000 	1.99750156 
4.01250000 	1.99687744 
4.01500000 	1.99625351 
4.01750000 	1.99562977 
4.02000000 	1.99500623 
4.02250000 	1.99438289 
4.02500000 	1.99375974 
4.02750000 	1.99313678 
4.03000000 	1.99251401 
4.03250000 	1.99189144 
4.03500000 	1.99126906 
4.03750000 	1.99064687 
4.04000000 	1.99002488 
4.04250000 	1.98940307 
4.04500000 	1.98878146 
4.04750000 	1.98816005 
4.05000000 	1.98753882 
4.05250000 	1.98691779 
4.05500000 	1.98629694 
4.05750000 	1.98567629 
4.06000000 	1.98505583 
4.06250000 	1.98443556 
4.06500000 	1.98381548 
4.06750000 	1.98319560 
4.07000000 	1.98257590 
4.07250000 	1.98195639 
4.07500000 	1.98133708 
4.07750000 	1.98071795 
4.08000000 	1.98009901 
4.08250000 	1.97948026 
4.08500000 	1.97886171 
4.08750000 	1.97824334 
4.09000000 	1.97762516 
4.09250000 	1.97700717 
4.09500000 	1.97638937 
4.09750000 	1.97577175 
4.10000000 	1.97515433 
4.10250000 	1.97453709 
4.10500000 	1.97392004 
4.10750000 	1.97330318 
4.11000000 	1.97268651 
4.11250000 	1.97207002 
4.11500000 	1.97145372 
4.11750000 	1.97083761 
4.12000000 	1.97022169 
4.12250000 	1.96960595 
4.12500000 	1.96899040 
4.12750000 	1.96837503 
4.13000000 	1.96775986 
4.13250000 	1.96714486 
4.13500000 	1.96653006 
4.13750000 	1.96591544 
4.14000000 	1.96530101 
4.14250000 	1.96468676 
4.14500000 	1.96407269 
4.14750000 	1.96345881 
4.15000000 	1.96284512 
4.15250000 	1.96223161 
4.15500000 	1.96161829 
4.15750000 	1.96100515 
4.16000000 	1.96039219 
4.16250000 	1.95977942 
4.16500000 	1.95916684 
4.16750000 	1.95855443 
4.17000000 	1.95794221 
4.17250000 	1.95733018 
4.17500000 	1.95671833 
4.17750000 	1.95610666 
4.18000000 	1.95549517 
4.18250000 	1.95488387 
4.18500000 	1.95427275 
4.18750000 	1.95366181 
4.19000000 	1.95305105 
4.19250000 	1.95244048 
4.19500000 	1.95183009 
4.19750000 	1.95121988 
4.20000000 	1.95060985 
4.20250000 	1.95000000 
4.20500000 	1.94939033 
4.20750000 	1.94878085 
4.21000000 	1.94817155 
4.21250000 	1.94756242 
4.21500000 	1.94695348 
4.21750000 	1.94634472 
4.22000000 	1.94573614 
4.22250000 	1.94512774 
4.22500000 	1.94451952 
4.22750000 	1.94391148 
4.23000000 	1.94330362 
4.23250000 	1.94269594 
4.23500000 	1.94208844 
4.23750000 	1.94148111 
4.24000000 	1.94087397 
4.24250000 	1.94026701 
4.24500000 	1.93966022 
4.24750000 	1.93905362 
4.25000000 	1.93844719 
4.25250000 	1.93784094 
4.25500000 	1.93723487 
4.25750000 	1.93662897 
4.26000000 	1.93602326 
4.26250000 	1.93541772 
4.26500000 	1.93481236 
4.26750000 	1.93420717 
4.27000000 	1.93360217 
4.27250000 	1.93299734 
4.27500000 	1.93239269 
4.27750000 	1.93178821 
4.28000000 	1.93118391 
4.28250000 	1.93057979 
4.28500000 	1.92997585 
4.28750000 	1.92937208 
4.29000000 	1.92876848 
4.29250000 	1.92816506 
4.29500000 	1.92756182 
4.29750000 	1.92695876 
4.30000000 	1.92635586 
4.30250000 	1.92575315 
4.30500000 	1.92515061 
4.30750000 	1.92454824 
4.31000000 	1.92394605 
4.31250000 	1.92334403 
4.31500000 	1.92274219 
4.31750000 	1.92214052 
4.32000000 	1.92153903 
4.32250000 	1.92093771 
4.32500000 	1.92033657 
4.32750000 	1.91973559 
4.33000000 	1.91913480 
4.33250000 	1.91853417 
4.33500000 	1.91793372 
4.33750000 	1.91733344 
4.34000000 	1.91673333 
4.34250000 	1.91613340 
4.34500000 	1.91553364 
4.34750000 	1.91493405 
4.35000000 	1.91433464 
4.35250000 	1.91373540 
4.35500000 	1.91313632 
4.35750000 	1.91253743 
4.36000000 	1.91193870 
4.36250000 	1.91134014 
4.36500000 	1.91074176 
4.36750000 	1.91014355 
4.37000000 	1.90954550 
4.37250000 	1.90894763 
4.37500000 	1.90834993 
4.37750000 	1.90775240 
4.38000000 	1.90715505 
4.38250000 	1.90655786 
4.38500000 	1.90596084 
4.38750000 	1.90536399 
4.39000000 	1.90476732 
4.39250000 	1.90417081 
4.39500000 	1.90357447 
4.39750000 	1.90297830 
4.40000000 	1.90238230 
4.40250000 	1.90178647 
4.40500000 	1.90119081 
4.40750000 	1.90059532 
4.41000000 	1.90000000 
4.41250000 	1.89940485 
4.41500000 	1.89880986 
4.41750000 	1.89821504 
4.42000000 	1.89762040 
4.42250000 	1.89702592 
4.42500000 	1.89643160 
4.42750000 	1.89583746 
4.43000000 	1.89524348 
4.43250000 	1.89464967 
4.43500000 	1.89405603 
4.43750000 	1.89346256 
4.44000000 	1.89286925 
4.44250000 	1.89227611 
4.44500000 	1.89168314 
4.44750000 	1.89109033 
4.45000000 	1.89049769 
4.45250000 	1.88990522 
4.45500000 	1.88931291 
4.45750000 	1.88872077 
4.46000000 	1.88812879 
4.46250000 	1.88753698 
4.46500000 	1.88694534 
4.46750000 	1.88635386 
4.47000000 	1.88576255 
4.47250000 	1.88517140 
4.47500000 	1.88458042 
4.47750000 	1.88398960 
4.48000000 	1.88339895 
4.48250000 	1.88280846 
4.48500000 	1.88221814 
4.48750000 	1.88162798 
4.49000000 	1.88103799 
4.49250000 	1.88044816 
4.49500000 	1.87985850 
4.49750000 	1.87926899 
4.50000000 	1.87867966 
4.50250000 	1.87809048 
4.50500000 	1.87750147 
4.50750000 	1.87691263 
4.51000000 	1.87632394 
4.51250000 	1.87573542 
4.51500000 	1.87514706 
4.51750000 	1.87455887 
4.52000000 	1.87397084 
4.52250000 	1.87338297 
4.52500000 	1.87279526 
4.52750000 	1.87220772 
4.53000000 	1.87162033 
4.53250000 	1.87103311 
4.53500000 	1.87044606 
4.53750000 	1.86985916 
4.54000000 	1.86927242 
4.54250000 	1.86868585 
4.54500000 	1.86809944 
4.54750000 	1.86751319 
4.55000000 	1.86692710 
4.55250000 	1.86634117 
4.55500000 	1.86575540 
4.55750000 	1.86516980 
4.56000000 	1.86458435 
4.56250000 	1.86399906 
4.56500000 	1.86341394 
4.56750000 	1.86282897 
4.57000000 	1.86224417 
4.57250000 	1.86165952 
4.57500000 	1.86107504 
4.57750000 	1.86049071 
4.58000000 	1.85990654 
4.58250000 	1.85932254 
4.58500000 	1.85873869 
4.58750000 	1.85815500 
4.59000000 	1.85757147 
4.59250000 	1.85698810 
4.59500000 	1.85640489 
4.59750000 	1.85582184 
4.60000000 	1.85523894 
4.60250000 	1.85465620 
4.60500000 	1.85407363 
4.60750000 	1.85349121 
4.61000000 	1.85290894 
4.61250000 	1.85232684 
4.61500000 	1.85174489 
4.61750000 	1.85116311 
4.62000000 	1.85058147 
4.62250000 	1.85000000 
4.62500000 	1.84941868 
4.62750000 	1.84883752 
4.63000000 	1.84825652 
4.63250000 	1.84767567 
4.63500000 	1.84709499 
4.63750000 	1.84651445 
4.64000000 	1.84593408 
4.64250000 	1.84535386 
4.64500000 	1.84477379 
4.64750000 	1.84419389 
4.65000000 	1.84361413 
4.65250000 	1.84303454 
4.65500000 	1.84245510 
4.65750000 	1.84187581 
4.66000000 	1.84129669 
4.66250000 	1.84071771 
4.66500000 	1.84013889 
4.66750000 	1.83956023 
4.67000000 	1.83898172 
4.67250000 	1.83840337 
4.67500000 	1.83782517 
4.67750000 	1.83724712 
4.68000000 	1.83666923 
4.68250000 	1.83609150 
4.68500000 	1.83551392 
4.68750000 	1.83493649 
4.69000000 	1.83435922 
4.69250000 	1.83378210 
4.69500000 	1.83320513 
4.69750000 	1.83262832 
4.70000000 	1.83205166 
4.70250000 	1.83147516 
4.70500000 	1.83089880 
4.70750000 	1.83032260 
4.71000000 	1.82974656 
4.71250000 	1.82917067 
4.71500000 	1.82859492 
4.71750000 	1.82801934 
4.72000000 	1.82744390 
4.72250000 	1.82686862 
4.72500000 	1.82629349 
4.72750000 	1.82571851 
4.73000000 	1.82514368 
4.73250000 	1.82456901 
4.73500000 	1.82399449 
4.73750000 	1.82342011 
4.74000000 	1.82284589 
4.74250000 	1.82227183 
4.74500000 	1.82169791 
4.74750000 	1.82112414 
4.75000000 	1.82055053 
4.75250000 	1.81997706 
4.75500000 	1.81940375 
4.75750000 	1.81883059 
4.76000000 	1.81825758 
4.76250000 	1.81768472 
4.76500000 	1.81711200 
4.76750000 	1.81653944 
4.77000000 	1.81596703 
4.77250000 	1.81539477 
4.77500000 	1.81482266 
4.77750000 	1.81425070 
4.78000000 	1.81367889 
4.78250000 	1.81310723 
4.78500000 	1.81253571 
4.78750000 	1.81196435 
4.79000000 	1.81139314 
4.79250000 	1.81082207 
4.79500000 	1.81025116 
4.79750000 	1.80968039 
4.80000000 	1.80910977 
4.80250000 	1.80853930 
4.80500000 	1.80796898 
4.80750000 	1.80739881 
4.81000000 	1.80682878 
4.81250000 	1.80625890 
4.81500000 	1.80568917 
4.81750000 	1.80511959 
4.82000000 	1.80455016 
4.82250000 	1.80398087 
4.82500000 	1.80341174 
4.82750000 	1.80284275 
4.83000000 	1.80227390 
4.83250000 	1.80170521 
4.83500000 	1.80113666 
4.83750000 	1.80056826 
4.84000000 	1.80000000 
4.84250000 	1.79943189 
4.84500000 	1.79886393 
4.84750000 	1.79829611 
4.85000000 	1.79772845 
4.85250000 	1.79716092 
4.85500000 	1.79659355 
4.85750000 	1.79602632 
4.86000000 	1.79545923 
4.86250000 	1.79489229 
4.86500000 	1.79432550 
4.86750000 	1.79375885 
4.87000000 	1.79319235 
4.87250000 	1.79262599 
4.87500000 	1.79205978 
4.87750000 	1.79149372 
4.88000000 	1.79092780 
4.88250000 	1.79036202 
4.88500000 	1.78979639 
4.88750000 	1.78923090 
4.89000000 	1.78866556 
4.89250000 	1.78810036 
4.89500000 	1.78753531 
4.89750000 	1.78697040 
4.90000000 	1.78640564 
4.90250000 	1.78584102 
4.90500000 	1.78527654 
4.90750000 	1.78471221 
4.91000000 	1.78414802 
4.91250000 	1.78358397 
4.91500000 	1.78302007 
4.91750000 	1.78245631 
4.92000000 	1.78189270 
4.92250000 	1.78132923 
4.92500000 	1.78076590 
4.92750000 	1.78020271 
4.93000000 	1.77963967 
4.93250000 	1.77907677 
4.93500000 	1.77851401 
4.93750000 	1.77795140 
4.94000000 	1.77738892 
4.94250000 	1.77682659 
4.94500000 	1.77626440 
4.94750000 	1.77570236 
4.95000000 	1.77514045 
4.95250000 	1.77457869 
4.95500000 	1.77401707 
4.95750000 	1.77345559 
4.96000000 	1.77289425 
4.96250000 	1.77233306 
4.96500000 	1.77177200 
4.96750000 	1.77121109 
4.97000000 	1.77065032 
4.97250000 	1.77008969 
4.97500000 	1.76952920 
4.97750000 	1.76896885 
4.98000000 	1.76840864 
4.98250000 	1.76784857 
4.98500000 	1.76728864 
4.98750000 	1.76672886 
4.99000000 	1.76616921 
4.99250000 	1.76560970 
4.99500000 	1.76505034 
4.99750000 	1.76449111 
5.00000000 	1.76393202 